-5.014971e-002 -1.283687e-002 9.734502e-002 
-4.971714e-002 -1.263017e-002 1.684194e-001 
-3.566448e-002 -1.176374e-002 1.864438e-001 
9.508298e-004 -1.844311e-002 1.926737e-001 
2.616464e-002 -1.626326e-002 2.009686e-001 
2.651683e-002 -1.228040e-002 1.517164e-001 
2.645942e-002 -9.511017e-003 7.251861e-002 
2.215182e-002 -7.323647e-003 3.936890e-002 
-4.135155e-003 -5.202857e-003 1.347110e-002 
-4.061035e-002 5.154241e-004 -7.586642e-003 
-3.003150e-002 -2.564764e-003 2.338020e-002 
-2.876599e-002 -2.196271e-003 3.293119e-002 
-2.587889e-002 -9.849880e-004 3.285901e-002 
-2.384987e-002 -1.078540e-004 3.661662e-002 
-3.070773e-002 -5.805140e-003 2.955327e-002 
-3.966881e-002 -8.633855e-003 -2.312199e-003 
-4.074811e-002 -1.291363e-002 -1.789771e-002 
-4.460539e-002 -1.800519e-002 -2.414960e-002 
-4.776090e-002 -2.207783e-002 -3.508300e-002 
-3.543141e-002 -2.424581e-002 8.743337e-003 
-3.180032e-002 -2.307282e-002 2.435578e-002 
-1.347133e-002 -1.603504e-002 7.631375e-002 
-3.259934e-003 -1.478626e-002 1.083794e-001 
-3.365317e-003 -1.389334e-002 1.084995e-001 
-8.516066e-003 -1.497345e-002 9.714125e-002 
-8.804181e-003 -1.480190e-002 1.007913e-001 
-2.389271e-002 -2.325858e-002 6.410898e-002 
-2.647002e-002 -2.238052e-002 5.585330e-002 
-8.705026e-003 -2.055851e-002 9.844171e-002 
-9.756647e-003 -1.918780e-002 9.709875e-002 
-3.476230e-003 -1.742840e-002 1.113997e-001 
-4.312647e-004 -1.430339e-002 1.191345e-001 
1.831278e-002 -1.365255e-002 1.344256e-001 
1.918627e-002 -6.899697e-003 1.262826e-001 
2.356356e-002 -4.785437e-003 1.520479e-001 
2.064393e-002 -6.082658e-003 1.500086e-001 
1.834516e-002 -7.503598e-003 1.424833e-001 
-8.508444e-003 -1.105808e-002 1.117234e-001 
-2.809193e-002 -2.242762e-002 8.546908e-002 
-3.974086e-002 -2.998043e-002 4.140216e-002 
-5.463911e-002 -3.363071e-002 -5.685550e-003 
-6.140902e-002 -3.611397e-002 -4.509021e-003 
-6.150302e-002 -3.627814e-002 -2.442432e-002 
-5.868729e-002 -3.523966e-002 -1.839332e-002 
-5.612039e-002 -3.370867e-002 -6.685388e-003 
-5.535453e-002 -3.342262e-002 -5.674984e-003 
-5.528323e-002 -3.411117e-002 -4.029128e-003 
-5.112984e-002 -3.367270e-002 -5.934749e-004 
-5.324580e-002 -3.598849e-002 -3.440097e-003 
-5.554065e-002 -3.774334e-002 -1.426663e-002 
-5.636152e-002 -3.813645e-002 -1.553385e-002 
-5.689952e-002 -3.696534e-002 -3.055088e-002 
-6.394657e-002 -3.804102e-002 -3.833432e-002 
-6.395812e-002 -3.761485e-002 -5.559539e-002 
-6.387725e-002 -3.702625e-002 -5.727335e-002 
-6.428009e-002 -3.746561e-002 -5.751509e-002 
-6.455341e-002 -3.949704e-002 -5.780957e-002 
-6.449355e-002 -3.840330e-002 -5.797000e-002 
-6.457482e-002 -3.840064e-002 -5.810187e-002 
-6.315426e-002 -3.866124e-002 -5.897093e-002 
-6.295017e-002 -3.847519e-002 -5.881688e-002 
-6.300702e-002 -3.773855e-002 -5.883086e-002 
-6.117297e-002 -3.687575e-002 -3.216719e-002 
-1.527532e-002 -3.018014e-002 2.661914e-002 
1.666232e-002 -2.746391e-002 5.973450e-002 
1.680866e-002 -2.710918e-002 5.989784e-002 
1.684078e-002 -2.728875e-002 5.994240e-002 
1.664757e-002 -2.853694e-002 5.526127e-002 
-3.139929e-003 -3.492943e-002 1.891305e-002 
-6.215383e-002 -3.975220e-002 -5.604330e-002 
-6.357143e-002 -4.007255e-002 -5.796450e-002 
-6.106707e-002 -3.765110e-002 -5.179522e-002 
-4.755229e-002 -3.411926e-002 -1.449585e-002 
-4.768394e-002 -3.454502e-002 -1.449097e-002 
-4.763129e-002 -3.421689e-002 -1.398018e-002 
-4.761603e-002 -3.444969e-002 -1.395533e-002 
-1.637963e-002 -3.488561e-002 5.828462e-003 
-8.149921e-003 -3.814064e-002 -8.663675e-005 
-8.003631e-003 -3.812632e-002 -2.933311e-005 
-7.514388e-003 -3.770785e-002 1.369098e-003 
-3.344130e-003 -3.503480e-002 1.282135e-002 
1.894680e-002 -3.206144e-002 2.720545e-002 
5.124075e-002 -2.729627e-002 3.287654e-002 
6.466969e-002 -2.571151e-002 4.114375e-002 
6.549989e-002 -2.458824e-002 4.357545e-002 
6.347756e-002 -2.590695e-002 3.566308e-002 
3.853625e-002 -2.877700e-002 6.327211e-003 
-1.011238e-002 -3.346987e-002 -1.612203e-002 
-5.305543e-002 -3.418960e-002 -3.685247e-002 
-6.362274e-002 -3.755697e-002 -5.507452e-002 
-6.399177e-002 -3.815101e-002 -5.569611e-002 
-6.299207e-002 -3.913298e-002 -5.283171e-002 
-6.321989e-002 -3.958243e-002 -5.365786e-002 
-6.325151e-002 -4.162397e-002 -5.364632e-002 
-6.337779e-002 -4.190959e-002 -5.373467e-002 
-6.337007e-002 -4.163055e-002 -5.315860e-002 
-6.355057e-002 -4.073415e-002 -5.364637e-002 
-6.360406e-002 -4.195168e-002 -5.401109e-002 
-6.412157e-002 -4.204630e-002 -5.545667e-002 
-6.370545e-002 -4.159891e-002 -5.528545e-002 
-6.213777e-002 -4.187700e-002 -5.563224e-002 
-5.958675e-002 -4.200449e-002 -5.753300e-002 
-5.600209e-002 -4.143906e-002 -5.585974e-002 
-5.404214e-002 -4.112114e-002 -5.480071e-002 
-5.323926e-002 -3.989535e-002 -5.394069e-002 
-5.232283e-002 -3.911492e-002 -5.323032e-002 
-5.294375e-002 -3.880558e-002 -5.309436e-002 
-5.436616e-002 -3.890412e-002 -5.325401e-002 
-5.509260e-002 -3.859672e-002 -5.354768e-002 
-5.363471e-002 -3.823440e-002 -5.283079e-002 
-5.400205e-002 -3.858618e-002 -5.309540e-002 
-5.341543e-002 -3.838174e-002 -5.259428e-002 
-5.306405e-002 -3.744506e-002 -5.249550e-002 
-5.198552e-002 -3.634319e-002 -5.183564e-002 
-5.254667e-002 -3.565774e-002 -5.170597e-002 
-5.307810e-002 -3.530931e-002 -5.177071e-002 
-5.276477e-002 -3.430406e-002 -5.158874e-002 
-5.243560e-002 -3.305491e-002 -5.071147e-002 
-5.310061e-002 -3.297218e-002 -5.071549e-002 
-5.251282e-002 -3.247892e-002 -5.058798e-002 
-5.039314e-002 -3.148866e-002 -4.912851e-002 
-5.031923e-002 -3.065071e-002 -4.845066e-002 
-4.963344e-002 -2.956459e-002 -4.767633e-002 
-4.890350e-002 -2.857353e-002 -4.725119e-002 
-4.856216e-002 -2.848543e-002 -4.702169e-002 
-4.882600e-002 -2.687314e-002 -4.628554e-002 
-4.822766e-002 -2.680338e-002 -4.611819e-002 
-4.870122e-002 -2.757598e-002 -4.676991e-002 
-4.751845e-002 -2.736312e-002 -4.566708e-002 
-4.681493e-002 -2.495983e-002 -4.447335e-002 
-4.699596e-002 -2.506454e-002 -4.508594e-002 
-4.555615e-002 -2.459526e-002 -4.375747e-002 
-4.466424e-002 -2.396581e-002 -4.300439e-002 
-4.489851e-002 -2.310137e-002 -4.306093e-002 
-4.491480e-002 -2.435092e-002 -4.336510e-002 
-4.380414e-002 -2.446337e-002 -4.222130e-002 
-4.362408e-002 -2.146337e-002 -4.183132e-002 
-4.442128e-002 -2.078699e-002 -4.274583e-002 
-4.497448e-002 -2.030407e-002 -4.279187e-002 
-4.500959e-002 -2.017197e-002 -4.264724e-002 
-4.522164e-002 -1.913949e-002 -4.312336e-002 
-4.611423e-002 -2.119270e-002 -4.407143e-002 
-4.399716e-002 -2.108950e-002 -4.254915e-002 
-4.353603e-002 -2.071190e-002 -4.178124e-002 
-4.394116e-002 -1.948220e-002 -4.184766e-002 
-4.357646e-002 -2.011569e-002 -4.142649e-002 
-4.263902e-002 -1.896135e-002 -3.990046e-002 
-4.254311e-002 -1.798231e-002 -3.861871e-002 
-4.262775e-002 -1.881537e-002 -3.899194e-002 
-4.097792e-002 -1.827798e-002 -3.784518e-002 
-3.894282e-002 -1.620215e-002 -3.654355e-002 
-3.962327e-002 -1.698099e-002 -3.766230e-002 
-3.946448e-002 -1.651691e-002 -3.792824e-002 
-3.849888e-002 -1.553804e-002 -3.757877e-002 
-3.852820e-002 -1.567865e-002 -3.750633e-002 
-3.953957e-002 -1.668329e-002 -3.758757e-002 
-3.870702e-002 -1.514450e-002 -3.686611e-002 
-3.821954e-002 -1.531082e-002 -3.604492e-002 
-3.639444e-002 -1.484383e-002 -3.443358e-002 
-3.634410e-002 -1.408660e-002 -3.506899e-002 
-3.630954e-002 -1.389194e-002 -3.542805e-002 
-3.616279e-002 -1.476661e-002 -3.489256e-002 
-3.702800e-002 -1.467494e-002 -3.603334e-002 
-3.830183e-002 -1.485419e-002 -3.693710e-002 
-3.612006e-002 -1.454204e-002 -3.505043e-002 
-3.678029e-002 -1.459446e-002 -3.584688e-002 
-3.752527e-002 -1.498912e-002 -3.669074e-002 
-3.642838e-002 -1.499200e-002 -3.618193e-002 
-3.618766e-002 -1.509372e-002 -3.654763e-002 
-3.689392e-002 -1.561600e-002 -3.644724e-002 
-3.461628e-002 -1.437637e-002 -3.479675e-002 
-3.384891e-002 -1.286125e-002 -3.379673e-002 
-3.456101e-002 -1.112741e-002 -3.461485e-002 
-3.477079e-002 -9.796265e-003 -3.358020e-002 
-3.643743e-002 -9.028400e-003 -3.551412e-002 
-3.756086e-002 -8.551600e-003 -3.578895e-002 
-3.738016e-002 -9.486481e-003 -3.638469e-002 
-3.701446e-002 -1.047850e-002 -3.526387e-002 
-3.551313e-002 -8.641736e-003 -3.608264e-002 
-3.471889e-002 -9.438739e-003 -3.517534e-002 
-3.547091e-002 -9.565368e-003 -3.522701e-002 
-3.430692e-002 -9.045608e-003 -3.452911e-002 
-3.431985e-002 -9.469237e-003 -3.548852e-002 
-3.531577e-002 -1.217409e-002 -3.521742e-002 
-3.468891e-002 -1.234822e-002 -3.513423e-002 
-3.448968e-002 -1.183522e-002 -3.494316e-002 
-3.566873e-002 -1.019787e-002 -3.533212e-002 
-3.514184e-002 -9.267225e-003 -3.451041e-002 
-3.570134e-002 -8.823767e-003 -3.505181e-002 
-3.580551e-002 -7.368545e-003 -3.441219e-002 
-3.579531e-002 -8.307677e-003 -3.492540e-002 
-3.591174e-002 -8.850947e-003 -3.510445e-002 
-3.538670e-002 -8.272844e-003 -3.493225e-002 
-3.544010e-002 -8.017464e-003 -3.508561e-002 
-3.582192e-002 -1.017037e-002 -3.629942e-002 
-3.558253e-002 -9.095106e-003 -3.655993e-002 
-3.530263e-002 -8.379203e-003 -3.674962e-002 
-3.499288e-002 -7.582909e-003 -3.631793e-002 
-3.391075e-002 -6.741403e-003 -3.533267e-002 
-3.479925e-002 -5.506884e-003 -3.524646e-002 
-3.515472e-002 -6.373040e-003 -3.529526e-002 
-3.515981e-002 -5.477739e-003 -3.512906e-002 
-3.614685e-002 -5.724455e-003 -3.602097e-002 
-3.709495e-002 -5.849473e-003 -3.718949e-002 
-3.825284e-002 -5.577317e-003 -3.832068e-002 
-3.960279e-002 -6.723211e-003 -3.997674e-002 
-8.471749e-003 4.499697e-003 1.864024e-002 
1.132901e-002 1.137709e-003 4.602435e-002 
1.012830e-002 -1.979543e-003 4.593728e-002 
9.471447e-003 -5.208983e-003 4.560507e-002 
9.335586e-003 -6.752837e-003 4.638348e-002 
-1.373841e-002 -3.098536e-002 1.094043e-002 
-5.613578e-002 -3.260399e-002 -4.486962e-002 
-5.677011e-002 -3.447697e-002 -4.740583e-002 
-5.649199e-002 -3.556923e-002 -4.763481e-002 
-5.970286e-002 -3.800857e-002 -5.526156e-002 
-5.891605e-002 -3.611778e-002 -5.497916e-002 
-5.809687e-002 -3.454398e-002 -5.458525e-002 
-5.816672e-002 -3.481828e-002 -5.484003e-002 
-5.783164e-002 -3.464816e-002 -5.473351e-002 
-5.759374e-002 -3.455791e-002 -5.463929e-002 
-5.838497e-002 -3.748909e-002 -5.563307e-002 
-5.847536e-002 -3.915139e-002 -5.571159e-002 
-5.756161e-002 -3.847256e-002 -5.534721e-002 
-5.696475e-002 -3.634614e-002 -5.522095e-002 
-5.689519e-002 -3.632545e-002 -5.512122e-002 
-5.678533e-002 -3.495002e-002 -5.484466e-002 
-5.576483e-002 -3.240070e-002 -5.284345e-002 
-5.567991e-002 -3.016601e-002 -5.209883e-002 
-5.656797e-002 -3.174415e-002 -5.252697e-002 
-5.628269e-002 -3.104929e-002 -5.228654e-002 
-5.581596e-002 -3.125665e-002 -5.221008e-002 
-5.688212e-002 -3.357209e-002 -5.421229e-002 
-5.762407e-002 -3.544187e-002 -5.519950e-002 
-5.667848e-002 -3.289872e-002 -5.441458e-002 
-5.579331e-002 -3.137810e-002 -5.353699e-002 
-5.627648e-002 -3.152042e-002 -5.376729e-002 
-5.608896e-002 -3.066697e-002 -5.344014e-002 
-5.536117e-002 -3.023726e-002 -5.306487e-002 
-5.434201e-002 -3.104586e-002 -5.213891e-002 
-5.436643e-002 -3.116733e-002 -5.206365e-002 
-5.429663e-002 -3.010528e-002 -5.187923e-002 
-5.384312e-002 -3.028144e-002 -5.161054e-002 
-5.284368e-002 -2.891385e-002 -5.075428e-002 
-5.352647e-002 -2.775684e-002 -5.100383e-002 
-5.362931e-002 -2.678826e-002 -5.135399e-002 
-5.245190e-002 -2.649231e-002 -5.050792e-002 
-5.104513e-002 -2.454045e-002 -4.965639e-002 
-5.126279e-002 -2.426821e-002 -4.995128e-002 
-5.122453e-002 -2.433643e-002 -4.993447e-002 
-5.023664e-002 -2.339716e-002 -4.799698e-002 
-5.017856e-002 -2.276275e-002 -4.787224e-002 
-5.058530e-002 -2.271379e-002 -4.767731e-002 
-4.964685e-002 -2.139594e-002 -4.667772e-002 
-4.682923e-002 -1.959487e-002 -4.499592e-002 
-4.748695e-002 -1.924159e-002 -4.595442e-002 
-4.593158e-002 -1.769814e-002 -4.465286e-002 
-4.629923e-002 -1.796616e-002 -4.497333e-002 
-4.712138e-002 -1.771028e-002 -4.475077e-002 
-4.847662e-002 -1.754015e-002 -4.559498e-002 
-4.686437e-002 -1.700300e-002 -4.406572e-002 
-4.684530e-002 -1.631580e-002 -4.394062e-002 
-4.544202e-002 -1.526691e-002 -4.280294e-002 
-4.412520e-002 -1.460981e-002 -4.182220e-002 
-4.345303e-002 -1.325668e-002 -4.071295e-002 
-4.164533e-002 -1.312701e-002 -4.061207e-002 
-4.109176e-002 -1.230020e-002 -3.978158e-002 
-4.045785e-002 -1.114295e-002 -3.762247e-002 
-4.106675e-002 -1.242048e-002 -3.893309e-002 
-4.251374e-002 -1.433755e-002 -4.052548e-002 
-4.556894e-002 -1.511040e-002 -4.208417e-002 
-4.697544e-002 -1.591186e-002 -4.384150e-002 
-4.878219e-002 -1.610591e-002 -4.697918e-002 
-4.785942e-002 -1.485373e-002 -4.587267e-002 
-4.705698e-002 -1.419398e-002 -4.532373e-002 
-4.507621e-002 -1.458793e-002 -4.338900e-002 
-4.467886e-002 -1.526862e-002 -4.324427e-002 
-4.335255e-002 -1.629318e-002 -4.303241e-002 
-4.288420e-002 -1.744713e-002 -4.216312e-002 
-4.237861e-002 -1.767298e-002 -4.106794e-002 
-4.079238e-002 -9.547737e-003 -3.462906e-002 
-4.137049e-002 -8.012810e-003 -3.452584e-002 
-4.304024e-002 -8.421962e-003 -3.517572e-002 
-4.559449e-002 -9.217598e-003 -3.719310e-002 
-4.797688e-002 -1.127149e-002 -3.914035e-002 
-5.339977e-002 -2.090370e-002 -4.968420e-002 
-5.526471e-002 -2.518928e-002 -5.061429e-002 
-5.703709e-002 -2.871777e-002 -5.236941e-002 
-5.702056e-002 -3.085708e-002 -5.271981e-002 
-5.548646e-002 -3.105404e-002 -5.224949e-002 
-5.475386e-002 -3.187894e-002 -5.248106e-002 
-5.296330e-002 -3.370283e-002 -5.251699e-002 
-5.182154e-002 -3.169368e-002 -5.123974e-002 
-5.147435e-002 -3.044998e-002 -5.085052e-002 
-5.210597e-002 -2.950130e-002 -5.087071e-002 
-5.349542e-002 -3.090715e-002 -5.135142e-002 
-5.604040e-002 -3.187835e-002 -5.280119e-002 
-5.747885e-002 -3.335790e-002 -5.398967e-002 
-5.833575e-002 -3.535715e-002 -5.434825e-002 
-5.895902e-002 -3.702558e-002 -5.447679e-002 
-5.881879e-002 -3.682630e-002 -5.442002e-002 
-5.861948e-002 -3.745018e-002 -5.433041e-002 
-5.879009e-002 -3.876353e-002 -5.457741e-002 
-5.880474e-002 -3.911911e-002 -5.466952e-002 
-5.955932e-002 -4.082799e-002 -5.535055e-002 
-6.008877e-002 -4.160040e-002 -5.518622e-002 
-6.059003e-002 -4.202731e-002 -5.560685e-002 
-6.044747e-002 -4.212855e-002 -5.561536e-002 
-3.760298e-002 -3.492457e-002 -3.656738e-002 
-3.764836e-002 -3.495406e-002 -3.666693e-002 
-3.778533e-002 -3.525869e-002 -3.696609e-002 
-3.777909e-002 -3.515846e-002 -3.698953e-002 
-3.789956e-002 -3.510179e-002 -3.699174e-002 
-6.227599e-002 -4.307678e-002 -5.749375e-002 
-6.204602e-002 -4.279027e-002 -5.736629e-002 
-3.586975e-002 -3.746973e-002 -2.733550e-002 
-2.174979e-002 -3.666618e-002 -2.123851e-002 
-2.164496e-002 -3.523331e-002 -2.119670e-002 
-2.145273e-002 -3.389189e-002 -2.108445e-002 
-2.141395e-002 -3.398012e-002 -2.104974e-002 
-3.533172e-002 -3.799224e-002 -4.195243e-002 
-6.023038e-002 -3.882905e-002 -5.610427e-002 
-4.285802e-002 -3.817463e-002 -2.008590e-002 
2.261242e-002 -3.073907e-002 5.609745e-002 
2.397175e-002 -2.949845e-002 5.770824e-002 
2.394030e-002 -2.940969e-002 5.768452e-002 
3.255121e-002 -2.682233e-002 7.122875e-002 
5.781626e-002 -2.558296e-002 1.012602e-001 
4.061197e-002 -2.853067e-002 7.409261e-002 
7.039692e-002 -2.674513e-002 8.589049e-002 
7.045556e-002 -2.673596e-002 8.593709e-002 
6.423427e-002 -2.931523e-002 7.380492e-002 
3.711040e-002 -3.217565e-002 2.531327e-002 
1.707654e-002 -3.629865e-002 -4.179158e-003 
-6.125592e-002 -4.135355e-002 -5.618949e-002 
-6.175445e-002 -4.135584e-002 -5.692561e-002 
-6.111228e-002 -4.122165e-002 -5.684790e-002 
-6.094736e-002 -4.089290e-002 -5.692785e-002 
-6.115848e-002 -4.166644e-002 -5.710592e-002 
-6.061058e-002 -4.213643e-002 -5.711308e-002 
-6.065079e-002 -4.226500e-002 -5.727306e-002 
-6.076204e-002 -4.198145e-002 -5.729223e-002 
-6.077028e-002 -4.286613e-002 -5.756077e-002 
-6.045559e-002 -4.226431e-002 -5.715948e-002 
-6.070020e-002 -4.211563e-002 -5.725466e-002 
-6.039578e-002 -4.159412e-002 -5.698848e-002 
-6.043582e-002 -4.180501e-002 -5.684391e-002 
-6.025919e-002 -4.163981e-002 -5.686473e-002 
-6.012339e-002 -4.196646e-002 -5.705225e-002 
-6.031409e-002 -4.199338e-002 -5.698198e-002 
-6.011725e-002 -4.219844e-002 -5.699315e-002 
-5.991138e-002 -4.190648e-002 -5.706885e-002 
-5.931717e-002 -4.092470e-002 -5.655173e-002 
-5.929295e-002 -4.061892e-002 -5.627953e-002 
-5.836740e-002 -3.997516e-002 -5.598840e-002 
-5.780300e-002 -3.967831e-002 -5.545494e-002 
-5.757444e-002 -3.950582e-002 -5.507063e-002 
-5.788352e-002 -4.021065e-002 -5.517305e-002 
-5.681532e-002 -3.859049e-002 -5.446273e-002 
-5.723124e-002 -3.818371e-002 -5.446424e-002 
-5.649640e-002 -3.766563e-002 -5.425147e-002 
-5.681857e-002 -3.789127e-002 -5.447193e-002 
-5.632119e-002 -3.695968e-002 -5.412362e-002 
-5.719573e-002 -3.775805e-002 -5.478006e-002 
-5.716798e-002 -3.824559e-002 -5.459023e-002 
-5.770637e-002 -3.868939e-002 -5.478969e-002 
-5.746250e-002 -3.832813e-002 -5.450240e-002 
-5.760027e-002 -3.874819e-002 -5.449019e-002 
-5.697769e-002 -3.705955e-002 -5.395570e-002 
-5.659750e-002 -3.698432e-002 -5.379705e-002 
-5.648860e-002 -3.588618e-002 -5.355453e-002 
-5.611961e-002 -3.498816e-002 -5.325788e-002 
-5.521316e-002 -3.353635e-002 -5.313686e-002 
-5.517124e-002 -3.368739e-002 -5.333905e-002 
-5.406476e-002 -3.207652e-002 -5.247922e-002 
-5.421215e-002 -3.188437e-002 -5.260765e-002 
-5.402460e-002 -3.153164e-002 -5.275825e-002 
-5.421002e-002 -3.162297e-002 -5.228632e-002 
-5.463757e-002 -3.171622e-002 -5.228517e-002 
-5.290059e-002 -3.088217e-002 -5.152598e-002 
-5.317492e-002 -3.089543e-002 -5.156520e-002 
-5.238251e-002 -3.006787e-002 -5.107893e-002 
-5.238338e-002 -2.958043e-002 -5.067319e-002 
-5.143158e-002 -2.905167e-002 -4.992132e-002 
-5.249674e-002 -2.911860e-002 -4.962921e-002 
-5.196325e-002 -2.864328e-002 -4.924710e-002 
-5.101724e-002 -2.783026e-002 -4.779262e-002 
-4.941981e-002 -2.695767e-002 -4.615658e-002 
-4.912262e-002 -2.666970e-002 -4.566756e-002 
-4.878097e-002 -2.598354e-002 -4.566532e-002 
-4.695266e-002 -2.409837e-002 -4.466530e-002 
-4.797632e-002 -2.427705e-002 -4.526246e-002 
-4.772865e-002 -2.354630e-002 -4.575405e-002 
-4.676442e-002 -2.262457e-002 -4.535724e-002 
-4.734345e-002 -2.229997e-002 -4.546438e-002 
-4.822418e-002 -2.257820e-002 -4.523284e-002 
-4.651919e-002 -2.192706e-002 -4.463572e-002 
-4.590215e-002 -2.066008e-002 -4.359718e-002 
-4.595584e-002 -1.976171e-002 -4.291008e-002 
-4.356902e-002 -1.844523e-002 -4.183158e-002 
-4.144955e-002 -1.737601e-002 -4.101887e-002 
-4.159598e-002 -1.679694e-002 -4.047987e-002 
-4.232594e-002 -1.844056e-002 -4.117344e-002 
-4.194734e-002 -1.762774e-002 -4.081635e-002 
-4.306020e-002 -1.795894e-002 -4.121299e-002 
-4.381948e-002 -1.625484e-002 -4.062396e-002 
-4.454658e-002 -1.627836e-002 -4.140253e-002 
-4.332675e-002 -1.437707e-002 -4.061510e-002 
-4.379053e-002 -1.555709e-002 -4.120185e-002 
-4.376440e-002 -1.617192e-002 -4.099186e-002 
-4.407213e-002 -1.754612e-002 -4.149170e-002 
-4.251909e-002 -1.597794e-002 -4.075918e-002 
-4.323484e-002 -1.704339e-002 -4.129956e-002 
-4.125056e-002 -1.463658e-002 -3.907358e-002 
-3.903172e-002 -1.317120e-002 -3.844045e-002 
-3.895374e-002 -1.271644e-002 -3.837436e-002 
-3.941928e-002 -1.353137e-002 -3.816755e-002 
-3.985441e-002 -1.185412e-002 -3.798197e-002 
-3.949768e-002 -1.105261e-002 -3.826847e-002 
-3.991558e-002 -1.208019e-002 -3.842763e-002 
-3.957498e-002 -1.268935e-002 -3.800849e-002 
-4.010535e-002 -1.250913e-002 -3.805247e-002 
-3.952905e-002 -1.275908e-002 -3.781450e-002 
-4.068508e-002 -1.471606e-002 -3.892229e-002 
-4.294771e-002 -1.379404e-002 -3.946384e-002 
-4.296093e-002 -1.438912e-002 -4.004093e-002 
-4.225875e-002 -1.405372e-002 -4.031621e-002 
-4.212505e-002 -1.522975e-002 -4.071165e-002 
-4.179789e-002 -1.312484e-002 -3.979258e-002 
-4.130456e-002 -1.338288e-002 -3.956997e-002 
-3.976279e-002 -1.239926e-002 -3.895018e-002 
-3.965488e-002 -1.258699e-002 -3.896256e-002 
-3.974460e-002 -9.775884e-003 -3.888996e-002 
-3.896451e-002 -1.005207e-002 -3.779292e-002 
-3.707511e-002 -9.109486e-003 -3.605239e-002 
-3.768934e-002 -8.755632e-003 -3.592862e-002 
-3.736409e-002 -7.793512e-003 -3.549267e-002 
-3.681663e-002 -8.738097e-003 -3.528015e-002 
-3.801261e-002 -9.535016e-003 -3.733555e-002 
-3.839927e-002 -8.662688e-003 -3.913835e-002 
-3.912982e-002 -7.872306e-003 -3.980693e-002 
-9.531157e-003 -3.834841e-003 1.561636e-002 
2.407608e-002 -4.645249e-003 3.443047e-002 
2.327482e-002 -7.584126e-003 3.394547e-002 
2.224405e-002 -1.096894e-002 3.349849e-002 
2.152877e-002 -1.489844e-002 3.291812e-002 
4.210819e-003 -2.460113e-002 -5.415751e-003 
-5.430859e-002 -2.903089e-002 -5.198613e-002 
-5.393650e-002 -2.818637e-002 -5.224589e-002 
-5.484917e-002 -3.024548e-002 -5.309717e-002 
-5.613248e-002 -3.141514e-002 -5.308579e-002 
-5.764287e-002 -3.213945e-002 -5.377137e-002 
-5.739586e-002 -3.346879e-002 -5.376320e-002 
-5.725484e-002 -3.579542e-002 -5.410162e-002 
-5.547110e-002 -3.415643e-002 -5.296889e-002 
-5.347410e-002 -3.290391e-002 -5.185062e-002 
-5.316807e-002 -3.442054e-002 -5.210248e-002 
-5.264858e-002 -3.395806e-002 -5.169127e-002 
-5.296966e-002 -3.383044e-002 -5.139267e-002 
-5.442452e-002 -3.610257e-002 -5.192962e-002 
-5.652345e-002 -3.195237e-002 -5.324583e-002 
-5.737642e-002 -3.215885e-002 -5.302801e-002 
-5.873519e-002 -3.281454e-002 -5.355808e-002 
-5.933788e-002 -3.318070e-002 -5.385625e-002 
-6.040890e-002 -3.349186e-002 -5.462388e-002 
-6.070302e-002 -4.016948e-002 -5.468494e-002 
-6.094916e-002 -4.038262e-002 -5.500968e-002 
-6.097481e-002 -4.040938e-002 -5.482770e-002 
-6.148628e-002 -4.031323e-002 -5.528143e-002 
-5.974955e-002 -3.947282e-002 -5.347578e-002 
-5.745197e-002 -3.884102e-002 -5.171563e-002 
-5.742049e-002 -3.856981e-002 -5.197795e-002 
-5.769037e-002 -3.878367e-002 -5.236058e-002 
-5.687824e-002 -3.963387e-002 -5.222432e-002 
-5.829089e-002 -3.978117e-002 -5.400833e-002 
-6.129743e-002 -4.083417e-002 -5.682255e-002 
3.672872e-003 -3.814476e-002 -6.940483e-003 
3.743006e-003 -3.859379e-002 -6.911464e-003 
3.591726e-003 -3.857234e-002 -6.980596e-003 
3.571192e-003 -3.939142e-002 -7.006637e-003 
3.568686e-003 -3.939819e-002 -7.029580e-003 
-6.294498e-002 -4.327322e-002 -5.799950e-002 
-6.318853e-002 -4.293859e-002 -5.745125e-002 
-6.334578e-002 -4.307939e-002 -5.737606e-002 
-6.328031e-002 -4.291821e-002 -5.733367e-002 
-6.305343e-002 -4.357709e-002 -5.703533e-002 
-6.278568e-002 -4.378113e-002 -5.680258e-002 
-6.311838e-002 -4.396275e-002 -5.768764e-002 
-6.337110e-002 -4.348359e-002 -5.810108e-002 
-6.352119e-002 -4.359530e-002 -5.808342e-002 
-6.360436e-002 -4.361617e-002 -5.802603e-002 
-6.368350e-002 -4.379163e-002 -5.802728e-002 
-5.858157e-002 -4.289222e-002 -5.025746e-002 
-5.831396e-002 -4.274413e-002 -4.999033e-002 
-5.805957e-002 -4.218790e-002 -4.990273e-002 
-5.750177e-002 -4.099542e-002 -4.979173e-002 
-4.537572e-002 -3.949126e-002 -4.041519e-002 
3.125354e-002 -3.775804e-002 -1.819382e-002 
3.127612e-002 -3.775806e-002 -1.827532e-002 
3.128050e-002 -3.791267e-002 -1.830240e-002 
3.122016e-002 -3.876917e-002 -1.835203e-002 
2.880943e-002 -4.004992e-002 -2.276837e-002 
-6.122308e-002 -4.125420e-002 -5.734548e-002 
-6.108121e-002 -4.143031e-002 -5.698588e-002 
-6.040010e-002 -4.147530e-002 -5.678262e-002 
-5.978126e-002 -4.052743e-002 -5.650537e-002 
-5.953674e-002 -4.030340e-002 -5.635555e-002 
-5.907204e-002 -4.078941e-002 -5.582848e-002 
-5.915391e-002 -3.952619e-002 -5.569620e-002 
-5.931009e-002 -3.953930e-002 -5.572559e-002 
-5.818970e-002 -3.788155e-002 -5.515522e-002 
-5.791002e-002 -3.607264e-002 -5.491286e-002 
-5.763961e-002 -3.673601e-002 -5.527936e-002 
-5.723621e-002 -3.773325e-002 -5.529407e-002 
-5.616927e-002 -3.705062e-002 -5.483449e-002 
-5.589122e-002 -3.872839e-002 -5.443934e-002 
-5.596191e-002 -3.930887e-002 -5.450511e-002 
-5.654400e-002 -3.897289e-002 -5.451358e-002 
-5.678494e-002 -3.909059e-002 -5.463425e-002 
-5.705315e-002 -3.790415e-002 -5.422319e-002 
-5.862217e-002 -3.738752e-002 -5.535949e-002 
-5.804674e-002 -3.891573e-002 -5.510474e-002 
-5.804438e-002 -3.944580e-002 -5.528096e-002 
-5.813417e-002 -3.958550e-002 -5.529519e-002 
-5.897209e-002 -4.046791e-002 -5.612527e-002 
-5.755979e-002 -4.165390e-002 -5.528349e-002 
-5.853027e-002 -4.165453e-002 -5.591233e-002 
-5.730801e-002 -4.107046e-002 -5.528404e-002 
-5.685544e-002 -3.912295e-002 -5.476304e-002 
-5.715335e-002 -3.988913e-002 -5.482455e-002 
-5.749449e-002 -3.978222e-002 -5.499624e-002 
-5.709048e-002 -3.817752e-002 -5.449978e-002 
-5.851954e-002 -3.835267e-002 -5.520138e-002 
-5.899868e-002 -3.970775e-002 -5.569281e-002 
-5.862987e-002 -4.042179e-002 -5.573581e-002 
-5.930200e-002 -3.934656e-002 -5.581646e-002 
-5.970659e-002 -4.125474e-002 -5.626488e-002 
-5.896086e-002 -4.144092e-002 -5.599115e-002 
-5.858548e-002 -4.193941e-002 -5.588710e-002 
-5.794699e-002 -3.943555e-002 -5.498908e-002 
-5.738768e-002 -3.925101e-002 -5.455866e-002 
-5.771568e-002 -3.912824e-002 -5.483958e-002 
-5.809598e-002 -3.843106e-002 -5.498176e-002 
-5.769747e-002 -3.612456e-002 -5.418394e-002 
-5.871660e-002 -3.792896e-002 -5.506139e-002 
-6.009683e-002 -3.940075e-002 -5.613416e-002 
-5.994739e-002 -3.904539e-002 -5.585409e-002 
-5.951213e-002 -3.949120e-002 -5.538848e-002 
-6.023128e-002 -4.233487e-002 -5.634311e-002 
-6.041584e-002 -4.216046e-002 -5.641387e-002 
-5.893366e-002 -4.020827e-002 -5.558015e-002 
-5.894194e-002 -4.011281e-002 -5.576436e-002 
-5.911142e-002 -4.031919e-002 -5.620085e-002 
-5.917935e-002 -4.036604e-002 -5.616483e-002 
-5.907227e-002 -4.038555e-002 -5.594605e-002 
-5.957848e-002 -4.146668e-002 -5.621150e-002 
-5.885867e-002 -4.204095e-002 -5.600587e-002 
-5.890611e-002 -4.181239e-002 -5.591056e-002 
-5.885634e-002 -4.148358e-002 -5.578547e-002 
-5.887102e-002 -4.119569e-002 -5.567864e-002 
-5.850519e-002 -4.094571e-002 -5.544329e-002 
-5.877883e-002 -4.010236e-002 -5.545255e-002 
1.916862e-002 -3.127840e-002 1.362646e-002 
3.476826e-002 -2.985449e-002 3.036162e-002 
3.587714e-002 -2.900264e-002 3.072122e-002 
3.586290e-002 -2.815675e-002 3.081179e-002 
3.592729e-002 -2.714300e-002 3.095455e-002 
-1.299786e-002 -3.337015e-002 -1.039743e-002 
-5.134132e-002 -3.494978e-002 -5.095382e-002 
-5.822803e-002 -3.637413e-002 -5.345371e-002 
-5.868305e-002 -3.751605e-002 -5.446913e-002 
-5.853824e-002 -3.800759e-002 -5.445726e-002 
-5.767333e-002 -3.742232e-002 -5.356224e-002 
-5.769497e-002 -3.560435e-002 -5.335316e-002 
-5.695123e-002 -3.468213e-002 -5.241513e-002 
-5.622166e-002 -3.343501e-002 -5.108711e-002 
-5.702182e-002 -3.357148e-002 -5.200635e-002 
-5.772724e-002 -3.371351e-002 -5.236176e-002 
-5.745979e-002 -3.400896e-002 -5.183094e-002 
-5.783454e-002 -3.378424e-002 -5.229867e-002 
-5.873295e-002 -3.356804e-002 -5.347378e-002 
-5.863277e-002 -3.390044e-002 -5.316630e-002 
-5.883225e-002 -3.439346e-002 -5.374986e-002 
-5.919996e-002 -3.472167e-002 -5.396445e-002 
-5.918862e-002 -3.552852e-002 -5.391045e-002 
-5.915374e-002 -3.781732e-002 -5.421976e-002 
-5.880185e-002 -3.775454e-002 -5.395004e-002 
-5.881859e-002 -3.826056e-002 -5.405957e-002 
-5.954208e-002 -3.993420e-002 -5.520503e-002 
-5.988380e-002 -4.019616e-002 -5.584677e-002 
-6.062954e-002 -4.040996e-002 -5.627819e-002 
-6.114642e-002 -4.172980e-002 -5.702340e-002 
-5.771827e-002 -3.857530e-002 -5.536431e-002 
-5.742719e-002 -3.772958e-002 -5.476554e-002 
-5.702775e-002 -3.715540e-002 -5.421428e-002 
-5.617155e-002 -3.607969e-002 -5.294519e-002 
-5.632586e-002 -3.568158e-002 -5.300309e-002 
-5.916580e-002 -3.805318e-002 -5.420268e-002 
-5.919210e-002 -3.905067e-002 -5.480921e-002 
-5.938314e-002 -3.929168e-002 -5.508049e-002 
-5.891252e-002 -3.743030e-002 -5.459403e-002 
-5.870286e-002 -3.792380e-002 -5.448683e-002 
-5.864093e-002 -3.805304e-002 -5.458081e-002 
-5.532412e-002 -3.613870e-002 -5.286268e-002 
-5.473611e-002 -3.481287e-002 -5.204607e-002 
-5.578374e-002 -3.663792e-002 -5.347189e-002 
-4.204813e-002 -1.438204e-002 -4.592095e-002 
3.569419e-002 -2.415039e-003 -2.310574e-002 
3.520857e-002 -2.891171e-003 -2.361406e-002 
3.513867e-002 -3.464076e-003 -2.385080e-002 
3.525239e-002 -3.178336e-003 -2.369915e-002 
3.216899e-002 -1.733382e-002 -2.694036e-002 
-5.867205e-002 -3.699703e-002 -5.483313e-002 
-5.835405e-002 -3.687547e-002 -5.455781e-002 
-5.730879e-002 -3.639369e-002 -5.435312e-002 
-5.750206e-002 -3.797918e-002 -5.482784e-002 
-5.575057e-002 -3.657013e-002 -5.332964e-002 
-5.559176e-002 -3.838851e-002 -5.363722e-002 
-5.489299e-002 -3.885897e-002 -5.340029e-002 
-5.467770e-002 -3.798556e-002 -5.266143e-002 
-5.491253e-002 -3.770293e-002 -5.210699e-002 
-5.646483e-002 -3.947437e-002 -5.314499e-002 
-5.782919e-002 -4.018422e-002 -5.398850e-002 
-5.956345e-002 -4.037431e-002 -5.485939e-002 
-6.205659e-002 -4.264140e-002 -5.648957e-002 
-6.275873e-002 -4.318934e-002 -5.740098e-002 
-6.337877e-002 -4.325436e-002 -5.807713e-002 
-6.329882e-002 -4.315543e-002 -5.785413e-002 
-6.311699e-002 -4.213031e-002 -5.771065e-002 
-6.316917e-002 -4.159399e-002 -5.802475e-002 
-6.340836e-002 -4.179034e-002 -5.801860e-002 
-6.328876e-002 -4.172343e-002 -5.793370e-002 
-6.313317e-002 -4.101762e-002 -5.801660e-002 
-6.058732e-002 -4.195473e-002 -5.790062e-002 
-6.049264e-002 -4.205583e-002 -5.777127e-002 
-6.038469e-002 -4.211581e-002 -5.793780e-002 
-6.060056e-002 -4.249951e-002 -5.813487e-002 
2.094212e-003 -3.871278e-002 1.619218e-004 
5.054420e-003 -3.853020e-002 4.051782e-003 
5.059472e-003 -3.900869e-002 4.081353e-003 
5.081139e-003 -3.915809e-002 4.089723e-003 
5.143682e-003 -3.880442e-002 4.136746e-003 
-4.743426e-002 -4.388229e-002 -4.210939e-002 
-6.160328e-002 -4.435211e-002 -5.748397e-002 
-6.002828e-002 -4.409169e-002 -5.741407e-002 
-5.775506e-002 -4.358960e-002 -5.698093e-002 
-5.809057e-002 -4.379248e-002 -5.732102e-002 
-5.519412e-002 -4.241579e-002 -5.589373e-002 
-3.195302e-002 -4.230126e-002 -5.062709e-002 
-3.244029e-002 -4.254412e-002 -5.083971e-002 
-3.190300e-002 -4.316914e-002 -5.091051e-002 
-3.166470e-002 -4.349896e-002 -5.088643e-002 
-3.316443e-002 -4.345180e-002 -5.205671e-002 
-2.049351e-002 -4.100422e-002 -3.727602e-003 
-2.042448e-002 -4.084144e-002 -3.634900e-003 
-2.023004e-002 -4.011439e-002 -3.616990e-003 
-2.041036e-002 -3.991497e-002 -3.628084e-003 
-2.029324e-002 -4.031289e-002 -3.619796e-003 
-5.436195e-002 -4.210239e-002 -5.624693e-002 
-5.460638e-002 -4.155973e-002 -5.692280e-002 
-5.779391e-002 -4.169274e-002 -5.748398e-002 
-5.775304e-002 -4.164144e-002 -5.753301e-002 
-5.796950e-002 -4.207010e-002 -5.761635e-002 
-6.212852e-002 -4.243532e-002 -5.920053e-002 
-6.206397e-002 -4.225792e-002 -5.917474e-002 
-6.372641e-002 -4.224351e-002 -5.951709e-002 
-4.172814e-002 -4.183826e-002 -5.368034e-002 
-4.176290e-002 -4.205475e-002 -5.369831e-002 
-4.179123e-002 -4.152288e-002 -5.369155e-002 
-4.174489e-002 -4.079077e-002 -5.359756e-002 
-4.165900e-002 -3.958822e-002 -5.343621e-002 
-5.675381e-002 -3.943468e-002 -5.444506e-002 
-5.661267e-002 -3.930100e-002 -5.421369e-002 
-5.663925e-002 -3.963060e-002 -5.421217e-002 
-5.664894e-002 -4.080598e-002 -5.420135e-002 
-5.671670e-002 -4.286263e-002 -5.424929e-002 
-6.361624e-002 -4.368843e-002 -5.882827e-002 
-6.321959e-002 -4.344513e-002 -5.882816e-002 
4.021172e-002 -3.604089e-002 -2.329376e-002 
4.958532e-002 -3.577694e-002 -2.195596e-002 
4.974604e-002 -3.584623e-002 -2.197484e-002 
4.984684e-002 -3.601222e-002 -2.196770e-002 
4.982766e-002 -3.596250e-002 -2.198877e-002 
-2.185770e-002 -4.347277e-002 -5.317183e-002 
-5.251931e-002 -4.439733e-002 -5.831810e-002 
-5.296321e-002 -4.443996e-002 -5.815037e-002 
-5.343436e-002 -4.444831e-002 -5.803000e-002 
-5.358009e-002 -4.507585e-002 -5.815036e-002 
-6.048820e-002 -4.543374e-002 -5.894154e-002 
-6.212082e-002 -4.330781e-002 -5.891049e-002 
-6.312989e-002 -4.116095e-002 -5.909255e-002 
-6.332612e-002 -4.068912e-002 -5.923043e-002 
-3.628980e-002 -3.957746e-002 -5.773151e-002 
-3.634546e-002 -3.944888e-002 -5.751132e-002 
-3.636631e-002 -4.042335e-002 -5.754093e-002 
-3.636282e-002 -4.200406e-002 -5.746814e-002 
-3.638296e-002 -4.180401e-002 -5.745813e-002 
-5.304587e-002 -4.274994e-002 -5.841326e-002 
-5.176120e-002 -4.256787e-002 -5.835913e-002 
-5.172419e-002 -2.539361e-002 -5.831120e-002 
-5.176653e-002 -2.486670e-002 -5.821771e-002 
-5.172997e-002 -2.093511e-002 -5.839059e-002 
-6.115938e-002 -2.050029e-002 -5.879523e-002 
-6.337231e-002 -1.899239e-002 -5.885574e-002 
-6.025575e-002 -2.980659e-002 -5.874439e-002 
-5.999070e-002 -3.060390e-002 -5.884353e-002 
-5.954137e-002 -3.648656e-002 -5.870512e-002 
-5.949585e-002 -3.776846e-002 -5.888632e-002 
-5.939451e-002 -4.179527e-002 -5.912363e-002 
-6.181645e-002 -4.336890e-002 -5.925998e-002 
-6.111985e-002 -3.553413e-002 -5.921737e-002 
-6.118887e-002 -3.576555e-002 -5.916060e-002 
-6.046385e-002 -3.572391e-002 -5.851467e-002 
-6.054601e-002 -3.541699e-002 -5.842993e-002 
9.257179e-003 -3.405784e-002 9.581088e-003 
1.718892e-002 -4.040739e-002 1.999265e-002 
1.721965e-002 -4.114542e-002 2.001588e-002 
1.719654e-002 -4.120506e-002 1.997448e-002 
1.735255e-002 -4.180798e-002 1.999998e-002 
-3.328927e-002 -4.443641e-002 -2.512272e-002 
-5.907264e-002 -4.505960e-002 -5.853065e-002 
-5.906793e-002 -4.510770e-002 -5.866551e-002 
-5.911223e-002 -4.490268e-002 -5.881630e-002 
-6.016353e-002 -4.496906e-002 -5.913537e-002 
-5.991939e-002 -4.490217e-002 -5.892390e-002 
-5.959297e-002 -4.468662e-002 -5.850737e-002 
-5.989980e-002 -4.435300e-002 -5.849004e-002 
-5.938492e-002 -4.425210e-002 -5.814736e-002 
-5.889040e-002 -4.369735e-002 -5.793233e-002 
-5.916472e-002 -4.367544e-002 -5.785788e-002 
-5.958950e-002 -4.177398e-002 -5.801379e-002 
-5.772028e-002 -4.138941e-002 -5.708515e-002 
-5.683761e-002 -4.094402e-002 -5.682425e-002 
-5.562195e-002 -4.125377e-002 -5.663051e-002 
-5.510498e-002 -4.124078e-002 -5.675046e-002 
-5.522616e-002 -4.300055e-002 -5.670595e-002 
-5.644263e-002 -4.362880e-002 -5.777926e-002 
-5.666629e-002 -4.279273e-002 -5.823683e-002 
-5.820104e-002 -4.265897e-002 -5.818488e-002 
5.832719e-002 -3.746518e-002 -4.661154e-003 
6.284929e-002 -3.763994e-002 -4.679357e-003 
6.500276e-002 -3.757105e-002 -4.614335e-003 
6.542139e-002 -3.829986e-002 -4.565287e-003 
6.590104e-002 -3.820786e-002 -4.558753e-003 
-2.464204e-002 -4.380252e-002 -5.720325e-002 
-3.857325e-002 -4.349717e-002 -5.713412e-002 
-4.724615e-002 -4.343110e-002 -5.702107e-002 
-4.850190e-002 -4.363254e-002 -5.691405e-002 
-5.006090e-002 -4.382981e-002 -5.714877e-002 
-5.018408e-002 -4.402394e-002 -5.719963e-002 
-5.046991e-002 -4.398228e-002 -5.696041e-002 
-5.129678e-002 -4.394823e-002 -5.718420e-002 
-5.225883e-002 -4.375135e-002 -5.723174e-002 
-5.268430e-002 -4.378998e-002 -5.718028e-002 
-5.240080e-002 -4.339713e-002 -5.657356e-002 
-5.231420e-002 -4.322994e-002 -5.642838e-002 
-5.209579e-002 -4.325144e-002 -5.630217e-002 
-5.133517e-002 -4.324154e-002 -5.619076e-002 
-5.097451e-002 -4.312814e-002 -5.594133e-002 
-4.964313e-002 -4.237992e-002 -5.495147e-002 
-4.972085e-002 -4.209570e-002 -5.496640e-002 
-4.967900e-002 -4.204600e-002 -5.488701e-002 
-4.961041e-002 -4.175522e-002 -5.480157e-002 
-4.918111e-002 -4.135437e-002 -5.481388e-002 
-5.025549e-002 -4.181418e-002 -5.605425e-002 
-4.906155e-002 -4.190298e-002 -5.530361e-002 
-4.857840e-002 -4.095760e-002 -5.480419e-002 
-4.849989e-002 -4.077430e-002 -5.477516e-002 
-4.798964e-002 -4.031622e-002 -5.374134e-002 
-4.632862e-002 -3.947232e-002 -5.350635e-002 
-4.588811e-002 -3.899795e-002 -5.410379e-002 
-4.436365e-002 -3.845617e-002 -5.398828e-002 
-4.128572e-002 -3.686924e-002 -5.316718e-002 
-3.735070e-002 -3.679387e-002 -5.365520e-002 
-3.584042e-002 -3.638104e-002 -5.274880e-002 
-9.989575e-003 -3.402527e-002 -5.118188e-002 
3.125898e-003 -3.473318e-002 -5.137022e-002 
1.442763e-002 -3.554689e-002 -5.196090e-002 
2.205199e-002 -3.574291e-002 -5.220071e-002 
2.646872e-002 -3.650822e-002 -5.316027e-002 
2.413928e-002 -3.872722e-002 -5.445565e-002 
2.395378e-002 -3.826859e-002 -5.409304e-002 
2.515071e-002 -3.840961e-002 -5.404157e-002 
2.077301e-002 -3.815234e-002 -5.393243e-002 
2.643141e-002 -3.794335e-002 -5.380188e-002 
3.429759e-002 -3.259814e-002 -2.784186e-002 
2.882211e-002 -2.925407e-002 -2.363406e-002 
1.813029e-002 -2.879871e-002 -2.363568e-002 
1.297643e-002 -2.927210e-002 -2.379085e-002 
-1.142465e-003 -2.965847e-002 -2.400316e-002 
-3.698537e-002 -3.357492e-002 -4.503826e-002 
-3.773640e-002 -3.676308e-002 -4.694556e-002 
-2.865412e-004 -3.638915e-002 -1.694852e-002 
2.144098e-004 -3.537953e-002 -1.692959e-002 
5.110893e-004 -3.508601e-002 -1.679447e-002 
6.857579e-004 -3.562728e-002 -1.687588e-002 
-4.264246e-003 -3.655508e-002 -1.979552e-002 
-5.192737e-002 -3.851703e-002 -5.619661e-002 
-5.325070e-002 -3.992071e-002 -5.639780e-002 
-5.367073e-002 -4.056533e-002 -5.694023e-002 
-5.457092e-002 -4.094722e-002 -5.749304e-002 
-5.444655e-002 -4.193507e-002 -5.729165e-002 
-5.504763e-002 -4.167769e-002 -5.727502e-002 
-5.371572e-002 -4.148832e-002 -5.718975e-002 
-5.208029e-002 -4.128012e-002 -5.695999e-002 
-4.967949e-002 -4.234921e-002 -5.623296e-002 
-4.733323e-002 -4.214366e-002 -5.569109e-002 
-4.513534e-002 -3.928151e-002 -5.444970e-002 
4.524606e-002 -3.175442e-002 -2.864477e-003 
7.733422e-002 -3.064583e-002 4.805831e-003 
7.756752e-002 -2.996762e-002 4.748975e-003 
7.736238e-002 -2.905842e-002 4.770737e-003 
7.711073e-002 -2.996637e-002 4.718914e-003 
2.352305e-002 -3.550904e-002 -3.266126e-002 
-4.900962e-002 -3.703318e-002 -5.486231e-002 
-5.319250e-002 -3.781783e-002 -5.458648e-002 
-5.518470e-002 -3.975138e-002 -5.513647e-002 
-5.732114e-002 -4.101610e-002 -5.623081e-002 
-5.739571e-002 -4.302720e-002 -5.637770e-002 
-5.667827e-002 -4.107620e-002 -5.566936e-002 
-5.659235e-002 -4.092898e-002 -5.579417e-002 
-5.708351e-002 -4.075756e-002 -5.587295e-002 
-5.656850e-002 -4.058898e-002 -5.552472e-002 
-5.650861e-002 -4.021590e-002 -5.546633e-002 
-5.691701e-002 -3.951221e-002 -5.521730e-002 
-5.729401e-002 -4.009715e-002 -5.560490e-002 
-5.676064e-002 -3.910856e-002 -5.553619e-002 
-5.698627e-002 -3.916775e-002 -5.567081e-002 
-5.665229e-002 -3.927445e-002 -5.547763e-002 
-5.703173e-002 -4.137516e-002 -5.630914e-002 
-5.658061e-002 -4.086597e-002 -5.590229e-002 
-5.621078e-002 -4.051070e-002 -5.553548e-002 
-5.594607e-002 -3.851813e-002 -5.501629e-002 
-5.484783e-002 -3.634012e-002 -5.400863e-002 
-5.215921e-002 -3.449102e-002 -5.323911e-002 
-5.242054e-002 -3.473228e-002 -5.359912e-002 
-5.286744e-002 -3.581978e-002 -5.407057e-002 
-5.324794e-002 -3.723069e-002 -5.464233e-002 
-5.438072e-002 -3.928322e-002 -5.594275e-002 
-5.699826e-002 -4.147429e-002 -5.635440e-002 
-5.656015e-002 -4.131062e-002 -5.602987e-002 
-5.598354e-002 -4.046371e-002 -5.554841e-002 
-5.504538e-002 -3.769132e-002 -5.450297e-002 
-5.501433e-002 -3.699216e-002 -5.443240e-002 
-5.386727e-002 -3.671699e-002 -5.388555e-002 
-5.204776e-002 -3.503316e-002 -5.148888e-002 
-5.227444e-002 -3.458517e-002 -5.134642e-002 
-5.200643e-002 -3.440145e-002 -5.062896e-002 
-5.192073e-002 -3.492712e-002 -5.038883e-002 
-5.303660e-002 -3.535537e-002 -5.079650e-002 
9.092560e-002 -2.881184e-002 3.207537e-002 
9.101116e-002 -2.923374e-002 3.287359e-002 
9.092795e-002 -3.065309e-002 3.276020e-002 
9.093455e-002 -3.076637e-002 3.277584e-002 
9.086384e-002 -3.091334e-002 3.268248e-002 
-2.356900e-002 -4.086792e-002 -3.478150e-002 
-2.419605e-002 -4.135387e-002 -3.763510e-002 
-2.466512e-002 -4.229849e-002 -3.825874e-002 
-2.504167e-002 -4.235381e-002 -3.855718e-002 
-2.443487e-002 -4.271857e-002 -3.861708e-002 
-4.850492e-002 -4.245291e-002 -5.815155e-002 
-4.865505e-002 -4.260282e-002 -5.823780e-002 
-4.863996e-002 -4.318844e-002 -5.812722e-002 
-4.871223e-002 -4.295693e-002 -5.833257e-002 
-5.037397e-002 -4.242496e-002 -5.827059e-002 
-4.829632e-002 -2.661680e-002 -5.771653e-002 
-4.812212e-002 -2.663820e-002 -5.782292e-002 
-4.812871e-002 -2.664174e-002 -5.783904e-002 
-4.815805e-002 -2.691381e-002 -5.768707e-002 
-4.821371e-002 -2.720531e-002 -5.767449e-002 
-6.336369e-002 -4.423828e-002 -5.860278e-002 
-6.395118e-002 -4.452482e-002 -5.872517e-002 
-6.403746e-002 -4.450827e-002 -5.860815e-002 
-6.320829e-002 -4.440018e-002 -5.814892e-002 
-6.316472e-002 -4.432988e-002 -5.825000e-002 
-6.305695e-002 -4.461351e-002 -5.822659e-002 
-6.290045e-002 -4.370025e-002 -5.818657e-002 
-6.295739e-002 -4.371461e-002 -5.844332e-002 
-6.375269e-002 -4.385381e-002 -5.914985e-002 
-6.349633e-002 -4.380524e-002 -5.903195e-002 
1.878362e-002 -3.936461e-002 8.771785e-004 
1.167449e-001 -3.566216e-002 2.476967e-002 
1.194542e-001 -3.564222e-002 2.491909e-002 
1.524758e-001 -3.426236e-002 2.546661e-002 
1.743133e-001 -3.135511e-002 2.608748e-002 
1.570538e-001 -3.374378e-002 -2.912259e-003 
8.641698e-002 -3.753750e-002 -4.922866e-002 
8.328275e-002 -3.759382e-002 -5.003092e-002 
3.016655e-002 -3.846136e-002 -5.272809e-002 
-5.659156e-002 -4.330426e-002 -5.737093e-002 
-5.660444e-002 -4.254598e-002 -5.804711e-002 
-5.685914e-002 -4.229024e-002 -5.742949e-002 
-5.684531e-002 -4.038781e-002 -5.663733e-002 
-5.763725e-002 -4.108952e-002 -5.709224e-002 
-5.767835e-002 -4.106880e-002 -5.685748e-002 
-5.768722e-002 -4.134034e-002 -5.678336e-002 
-5.817600e-002 -4.133547e-002 -5.724429e-002 
-5.812380e-002 -4.324371e-002 -5.753824e-002 
-5.765118e-002 -4.353523e-002 -5.755918e-002 
-5.687128e-002 -4.365167e-002 -5.730700e-002 
-5.627660e-002 -4.404067e-002 -5.710439e-002 
-3.006520e-002 -4.137798e-002 -5.470038e-002 
-2.996188e-002 -4.086888e-002 -5.473033e-002 
-2.965459e-002 -4.052452e-002 -5.425176e-002 
-2.994441e-002 -4.045322e-002 -5.439092e-002 
-2.984456e-002 -3.935795e-002 -5.382037e-002 
-3.944499e-002 -4.059614e-002 -5.426032e-002 
-4.005081e-002 -4.106774e-002 -5.458558e-002 
-4.073970e-002 -4.138924e-002 -5.503871e-002 
-4.075905e-002 -4.146410e-002 -5.511110e-002 
-4.115041e-002 -4.209214e-002 -5.602392e-002 
-5.929322e-002 -4.321246e-002 -5.786913e-002 
-5.791447e-002 -4.281494e-002 -5.725500e-002 
-5.255257e-002 -3.499589e-002 -5.676593e-002 
-5.222474e-002 -3.407590e-002 -5.643479e-002 
-5.213537e-002 -3.444780e-002 -5.597219e-002 
-5.173992e-002 -3.438999e-002 -5.566062e-002 
3.474011e-002 -3.199499e-002 -8.671117e-003 
8.617408e-002 -3.539179e-002 3.930268e-002 
8.613772e-002 -3.602936e-002 3.932938e-002 
8.610422e-002 -3.601483e-002 3.932446e-002 
8.608761e-002 -3.576230e-002 3.930746e-002 
4.635811e-002 -3.750856e-002 2.253180e-002 
-5.682869e-002 -4.066018e-002 -5.524283e-002 
-5.692574e-002 -4.096955e-002 -5.549875e-002 
-5.629574e-002 -4.092366e-002 -5.538682e-002 
-5.501131e-002 -4.036384e-002 -5.445793e-002 
-5.680000e-002 -4.236238e-002 -5.536411e-002 
-5.582364e-002 -4.077202e-002 -5.478920e-002 
-5.542700e-002 -3.963281e-002 -5.458178e-002 
-5.612602e-002 -3.958884e-002 -5.485351e-002 
-5.811059e-002 -4.029548e-002 -5.575184e-002 
-5.751566e-002 -3.968145e-002 -5.545146e-002 
-5.712372e-002 -4.005680e-002 -5.504633e-002 
-5.602978e-002 -4.032001e-002 -5.450278e-002 
-5.635249e-002 -3.953059e-002 -5.353701e-002 
-5.664895e-002 -3.977532e-002 -5.374568e-002 
-5.781520e-002 -4.027425e-002 -5.411515e-002 
-5.674168e-002 -4.127268e-002 -5.473007e-002 
-5.890965e-002 -4.243652e-002 -5.580542e-002 
-5.917112e-002 -4.303905e-002 -5.719377e-002 
-5.547957e-002 -4.215762e-002 -5.707778e-002 
-4.065491e-002 -4.246871e-002 -5.702479e-002 
-4.190263e-002 -4.260265e-002 -5.744727e-002 
-4.191230e-002 -4.191228e-002 -5.745529e-002 
-3.252428e-002 -4.188449e-002 -5.725773e-002 
-3.383572e-002 -4.235873e-002 -5.770592e-002 
-2.385122e-002 -4.215604e-002 -5.556476e-002 
-2.384042e-002 -4.135334e-002 -5.558700e-002 
-2.389845e-002 -4.169072e-002 -5.595191e-002 
-3.126517e-002 -4.111462e-002 -5.630262e-002 
-3.140150e-002 -3.998448e-002 -5.610114e-002 
-6.300413e-002 -3.854353e-002 -5.873808e-002 
-6.320330e-002 -3.810946e-002 -5.877490e-002 
6.663438e-003 -3.828666e-002 -2.389634e-002 
6.639470e-003 -3.930182e-002 -2.390448e-002 
6.629358e-003 -4.070706e-002 -2.392468e-002 
2.872567e-002 -4.234501e-002 -2.359817e-002 
2.873970e-002 -4.398145e-002 -2.360872e-002 
-8.713256e-003 -4.441566e-002 -5.725249e-002 
-8.696528e-003 -4.440497e-002 -5.733529e-002 
2.198883e-002 -4.333509e-002 -3.266381e-002 
1.072307e-003 -4.386053e-002 -3.143284e-002 
1.566780e-003 -4.380465e-002 -3.140807e-002 
1.650615e-003 -4.296794e-002 -3.138418e-002 
2.033734e-003 -4.295820e-002 -3.131631e-002 
-2.065635e-002 -4.382101e-002 -4.867494e-002 
-2.515181e-002 -4.385458e-002 -5.214003e-002 
-2.590651e-002 -4.388264e-002 -5.225018e-002 
-2.596650e-002 -4.468968e-002 -5.235500e-002 
-1.441263e-002 -4.383109e-002 -3.503714e-002 
-3.463735e-002 -4.408237e-002 -3.755625e-002 
-3.026674e-002 -4.387257e-002 -3.740362e-002 
-2.726507e-002 -4.391448e-002 -3.735629e-002 
-2.488957e-002 -4.383680e-002 -3.727132e-002 
-3.887978e-002 -4.457412e-002 -5.811825e-002 
-3.881461e-002 -4.441573e-002 -5.818466e-002 
1.207063e-002 -4.392404e-002 -4.336002e-002 
2.466532e-002 -4.361129e-002 -3.052716e-002 
2.374261e-002 -4.363691e-002 -3.059822e-002 
2.330261e-002 -3.755677e-002 -3.053781e-002 
2.332547e-002 -3.751507e-002 -3.043683e-002 
-1.908797e-002 -3.788820e-002 -3.790141e-002 
-5.245266e-003 -3.724797e-002 -2.603731e-002 
9.414351e-002 -2.650465e-002 1.879694e-002 
9.408431e-002 -2.946267e-002 1.876300e-002 
9.402818e-002 -2.953005e-002 1.873497e-002 
9.398737e-002 -2.863903e-002 1.874990e-002 
8.090179e-002 -2.868782e-002 8.819735e-003 
-5.517663e-002 -3.873941e-002 -5.706274e-002 
-5.425292e-002 -3.841467e-002 -5.642046e-002 
-5.360026e-002 -3.632700e-002 -5.485211e-002 
-5.354525e-002 -3.723951e-002 -5.488412e-002 
-5.356722e-002 -3.783159e-002 -5.526580e-002 
-5.395608e-002 -3.878572e-002 -5.521437e-002 
-5.421769e-002 -3.864181e-002 -5.541574e-002 
-5.362611e-002 -3.911967e-002 -5.562007e-002 
-5.321948e-002 -3.805224e-002 -5.507746e-002 
-5.286388e-002 -3.773495e-002 -5.492792e-002 
-5.233185e-002 -3.798447e-002 -5.465792e-002 
-5.134646e-002 -3.583554e-002 -5.415487e-002 
-5.193338e-002 -3.724074e-002 -5.520111e-002 
-5.148296e-002 -3.823377e-002 -5.540287e-002 
-5.108219e-002 -3.842584e-002 -5.519259e-002 
-2.742416e-002 -3.789972e-002 -5.461658e-002 
-2.762104e-002 -4.087173e-002 -5.546037e-002 
-2.735359e-002 -4.070796e-002 -5.547256e-002 
-2.705227e-002 -4.063081e-002 -5.574968e-002 
-2.659278e-002 -3.902619e-002 -5.567207e-002 
-4.909343e-002 -3.988436e-002 -5.640216e-002 
-4.875070e-002 -3.961799e-002 -5.554388e-002 
-3.736038e-002 -3.718072e-002 -5.414588e-002 
-3.341536e-002 -3.623306e-002 -5.420060e-002 
-3.377537e-002 -3.763217e-002 -5.457157e-002 
-3.365431e-002 -3.801362e-002 -5.439926e-002 
-3.353323e-002 -3.778330e-002 -5.460239e-002 
-4.292057e-002 -3.873102e-002 -5.517798e-002 
-4.853476e-002 -3.981616e-002 -5.509720e-002 
-4.843683e-002 -3.962876e-002 -5.478590e-002 
-4.757737e-002 -3.637243e-002 -5.382084e-002 
-4.749831e-002 -3.660140e-002 -5.356543e-002 
-4.753862e-002 -3.790807e-002 -5.394458e-002 
-4.713653e-002 -3.745701e-002 -5.351499e-002 
-4.676473e-002 -3.665118e-002 -5.330519e-002 
-4.740693e-002 -4.001952e-002 -5.458398e-002 
-4.743977e-002 -3.986076e-002 -5.523396e-002 
-4.729127e-002 -3.983015e-002 -5.528254e-002 
-4.703413e-002 -3.871746e-002 -5.510728e-002 
-4.712469e-002 -3.982578e-002 -5.557240e-002 
-3.085323e-002 -3.798052e-002 -5.483668e-002 
-3.063441e-002 -3.806624e-002 -5.430975e-002 
-2.445303e-002 -3.702047e-002 -5.320989e-002 
-2.461822e-002 -3.877183e-002 -5.395652e-002 
-2.435426e-002 -3.847692e-002 -5.367586e-002 
-3.697357e-002 -4.013063e-002 -5.367745e-002 
-3.669116e-002 -4.009880e-002 -5.399138e-002 
-4.491357e-002 -4.087676e-002 -5.474744e-002 
3.631109e-002 -3.695226e-002 -3.793565e-002 
1.476933e-001 -7.327700e-003 4.198322e-002 
2.326662e-001 -2.220868e-003 5.568867e-002 
2.784508e-001 2.185418e-002 1.039450e-001 
3.276657e-001 4.877171e-002 2.027390e-001 
3.295152e-001 1.602620e-001 2.583247e-001 
3.233183e-001 2.244987e-001 2.879217e-001 
3.077083e-001 2.775975e-001 3.253029e-001 
3.111229e-001 3.177159e-001 3.499425e-001 
3.020544e-001 3.473153e-001 3.353547e-001 
3.236375e-001 3.062391e-001 3.312985e-001 
3.064406e-001 2.566719e-001 3.164591e-001 
2.758367e-001 1.983412e-001 2.861987e-001 
2.353953e-001 1.260275e-001 2.535559e-001 
2.040508e-001 1.352177e-002 2.173807e-001 
1.485987e-001 -3.066271e-002 1.619798e-001 
1.168231e-001 -3.264763e-002 1.294242e-001 
1.091983e-001 -3.327340e-002 1.585560e-001 
1.169563e-001 -3.308880e-002 1.557315e-001 
1.080282e-001 -3.360326e-002 1.568576e-001 
1.207220e-001 -3.364706e-002 1.649440e-001 
1.326531e-001 -3.366627e-002 1.736302e-001 
1.344348e-001 -3.374196e-002 1.587243e-001 
1.129922e-001 -3.416037e-002 1.401763e-001 
8.939160e-002 -3.418660e-002 1.148283e-001 
7.001848e-002 -3.442960e-002 1.044295e-001 
4.030038e-002 -3.473051e-002 1.109428e-001 
-3.268701e-003 -3.494217e-002 6.657478e-002 
-3.743146e-003 -3.484087e-002 5.815942e-002 
2.778986e-002 -3.017517e-002 1.039324e-001 
2.722152e-002 -3.022667e-002 9.907818e-002 
1.577583e-002 -3.027316e-002 5.856628e-002 
1.609161e-002 -3.018408e-002 5.861356e-002 
1.504687e-002 -3.030765e-002 5.743596e-002 
-2.410237e-002 -3.521473e-002 -2.338656e-002 
-2.435064e-002 -3.529446e-002 -2.502015e-002 
-2.455208e-002 -3.528937e-002 -2.512355e-002 
-2.479178e-002 -3.544648e-002 -2.566794e-002 
-2.507634e-002 -3.542514e-002 -2.636984e-002 
-2.498950e-002 -3.535721e-002 -2.618254e-002 
-2.455791e-002 -3.487495e-002 -2.559212e-002 
-2.446151e-002 -3.498484e-002 -2.546928e-002 
-2.402636e-002 -3.504726e-002 -2.506094e-002 
-2.388928e-002 -3.504900e-002 -2.465774e-002 
-2.382582e-002 -3.498189e-002 -2.461885e-002 
-2.385477e-002 -3.544426e-002 -2.476495e-002 
-2.373114e-002 -3.535866e-002 -2.469678e-002 
1.395109e-002 -3.532665e-002 2.893984e-002 
5.386460e-002 -3.533911e-002 9.930804e-002 
5.704682e-002 -3.554893e-002 1.025292e-001 
6.654406e-002 -3.106329e-002 1.210274e-001 
6.664827e-002 -3.117869e-002 1.210610e-001 
4.690610e-002 -3.122503e-002 1.000848e-001 
3.521997e-003 -3.121229e-002 3.026503e-002 
