-4.089721e-002 -2.727685e-002 -3.947768e-002 
-2.967485e-002 -1.495671e-002 -1.795836e-003 
-3.660398e-002 -2.541429e-002 -2.207433e-002 
-3.838693e-002 -2.030671e-002 1.128539e-001 
-3.861949e-002 -2.417162e-002 1.246673e-001 
-1.679862e-002 -2.472097e-002 4.960245e-002 
1.950785e-002 -2.910744e-002 2.640140e-002 
2.042205e-002 -2.079498e-002 2.538628e-002 
-3.478486e-002 -1.361303e-002 -1.827286e-002 
-3.940345e-002 -1.797572e-002 -3.403026e-002 
-4.059843e-002 -1.925963e-002 -1.867710e-002 
-4.105472e-002 -2.211772e-002 -3.152610e-002 
-1.835781e-002 -9.174586e-003 -7.279938e-004 
-1.590729e-002 -2.064885e-002 2.872929e-002 
-3.376328e-002 -1.714353e-002 -5.837455e-004 
-2.913397e-002 -1.643213e-002 -1.895848e-002 
-3.140022e-002 -1.967514e-002 -1.389899e-002 
-3.378154e-002 -2.055557e-002 -2.229057e-002 
-3.041470e-002 -2.941225e-002 -3.044826e-002 
-3.696741e-002 -2.741340e-002 -3.238739e-002 
-3.833986e-002 -2.691310e-002 -3.602179e-002 
-3.887651e-002 -2.802079e-002 -3.383786e-002 
-1.593950e-002 -2.422374e-002 2.798576e-002 
-2.315109e-002 -2.652425e-002 8.555618e-003 
-2.453441e-003 -1.491255e-002 6.685380e-002 
-9.167370e-003 -2.368488e-002 5.711114e-002 
-3.994237e-002 -2.538316e-002 -3.204260e-002 
-3.103130e-002 -2.716792e-002 -7.286159e-003 
-2.396319e-002 -2.604124e-002 1.898618e-002 
-3.143257e-002 -3.278102e-002 -7.303773e-003 
-1.262579e-002 -2.214131e-002 4.613914e-002 
-1.583104e-003 -2.186507e-002 6.722987e-002 
-3.632878e-002 -2.399663e-002 -1.380608e-002 
-9.831572e-003 -2.217836e-002 5.010457e-002 
-2.075433e-002 -2.303433e-002 2.038890e-002 
1.850368e-002 -2.076698e-002 7.456086e-002 
1.739917e-004 -9.888785e-003 5.171341e-002 
-1.588607e-002 -1.861341e-002 6.321789e-002 
-1.845807e-002 -2.611723e-002 4.525809e-002 
-3.120984e-002 -2.756276e-002 -1.303173e-002 
-4.139459e-002 -3.265121e-002 2.207559e-003 
-4.099768e-002 -3.102045e-002 -2.144580e-002 
-4.157753e-002 -3.278214e-002 -3.679461e-002 
-4.204789e-002 -3.390499e-002 -3.981302e-002 
-4.073097e-002 -3.194508e-002 -1.078530e-002 
-4.161366e-002 -3.304167e-002 -3.571962e-002 
-3.638905e-002 -2.921497e-002 -1.155611e-002 
-3.629273e-002 -2.955241e-002 -7.918885e-003 
-3.967572e-002 -3.303271e-002 -3.254964e-002 
-4.051393e-002 -3.384146e-002 -7.860619e-003 
-3.277612e-002 -3.191153e-002 -2.166648e-002 
-4.285960e-002 -3.439191e-002 -1.778314e-002 
-4.221719e-002 -3.274533e-002 -3.577835e-002 
-4.222524e-002 -3.395615e-002 -4.088674e-002 
-4.226042e-002 -3.137975e-002 -4.054870e-002 
-4.282166e-002 -3.436538e-002 -4.079972e-002 
-4.288859e-002 -3.332208e-002 -4.097869e-002 
-4.205234e-002 -3.156561e-002 -3.818424e-002 
-4.317122e-002 -3.527918e-002 -4.158651e-002 
-4.285403e-002 -3.618428e-002 -4.131207e-002 
-4.268616e-002 -3.208560e-002 -4.121399e-002 
-4.308616e-002 -3.331613e-002 -4.132866e-002 
-3.976845e-002 -3.202312e-002 -3.951337e-002 
-4.260297e-002 -3.472383e-002 -4.118904e-002 
-4.301596e-002 -3.389761e-002 -4.134814e-002 
-3.913093e-002 -3.053169e-002 -1.021834e-002 
9.991168e-003 -2.256409e-002 4.276566e-002 
2.253034e-002 -2.600609e-002 4.123289e-002 
-3.997737e-002 -3.315745e-002 -3.736884e-002 
-4.223005e-002 -3.475222e-002 -3.995709e-002 
-4.221270e-002 -3.497599e-002 -4.077155e-002 
-4.199292e-002 -3.432916e-002 -4.038719e-002 
-4.233480e-002 -3.318835e-002 -4.027315e-002 
-4.275835e-002 -3.380228e-002 -4.102409e-002 
-3.806939e-002 -3.020494e-002 -3.134500e-002 
-2.371250e-002 -2.789621e-002 6.164445e-003 
-4.284201e-002 -3.606359e-002 -4.032792e-002 
-4.201580e-002 -3.233085e-002 -3.610727e-002 
-4.265312e-002 -3.457366e-002 -4.068133e-002 
4.768232e-003 -3.106096e-002 7.228383e-003 
-7.460817e-003 -3.369759e-002 -2.840429e-003 
-4.073852e-002 -3.600683e-002 -3.952321e-002 
-3.724139e-002 -3.154841e-002 -2.843305e-002 
-2.231436e-002 -2.910567e-002 -3.118082e-003 
3.243758e-002 -2.603624e-002 2.757394e-002 
4.582703e-002 -2.378428e-002 8.822090e-003 
1.328091e-002 -2.986751e-002 -2.757960e-003 
-2.864715e-002 -2.838365e-002 -1.641283e-002 
-4.199139e-002 -3.337886e-002 -3.924935e-002 
-4.291451e-002 -3.321101e-002 -4.129184e-002 
-4.232161e-002 -3.241162e-002 -3.800200e-002 
-4.160689e-002 -3.134070e-002 -3.738408e-002 
-4.294122e-002 -3.565991e-002 -4.105602e-002 
-4.281853e-002 -3.495191e-002 -4.086352e-002 
-4.086468e-002 -3.584441e-002 -3.535549e-002 
-4.290449e-002 -3.326895e-002 -4.007762e-002 
-4.167004e-002 -3.504452e-002 -3.736250e-002 
-4.330837e-002 -3.651066e-002 -4.140492e-002 
-4.279793e-002 -3.436162e-002 -3.914737e-002 
-4.117508e-002 -3.377689e-002 -3.612304e-002 
-4.304877e-002 -3.591627e-002 -4.131465e-002 
-4.277004e-002 -3.526217e-002 -4.057422e-002 
-4.228402e-002 -3.525732e-002 -4.082970e-002 
-3.978742e-002 -3.495162e-002 -3.995585e-002 
-3.703343e-002 -3.400603e-002 -3.903505e-002 
-3.550949e-002 -3.455464e-002 -3.780780e-002 
-3.728397e-002 -3.452244e-002 -3.816385e-002 
-3.947615e-002 -3.269906e-002 -3.857875e-002 
-3.742764e-002 -3.315978e-002 -3.820337e-002 
-3.848155e-002 -3.331177e-002 -3.870072e-002 
-3.838772e-002 -3.482288e-002 -3.814768e-002 
-3.885938e-002 -3.376449e-002 -3.883003e-002 
-3.631665e-002 -3.200817e-002 -3.708671e-002 
-3.824393e-002 -3.396872e-002 -3.882481e-002 
-3.717486e-002 -3.287895e-002 -3.758286e-002 
-3.757094e-002 -3.255250e-002 -3.792620e-002 
-3.636916e-002 -3.136065e-002 -3.730673e-002 
-3.753282e-002 -3.066102e-002 -3.682354e-002 
-3.967576e-002 -3.301314e-002 -3.900033e-002 
-3.652263e-002 -3.064030e-002 -3.718918e-002 
-3.684736e-002 -2.979828e-002 -3.606586e-002 
-3.779846e-002 -3.116959e-002 -3.731582e-002 
-3.629445e-002 -2.963913e-002 -3.655543e-002 
-3.474635e-002 -3.046022e-002 -3.553894e-002 
-3.635536e-002 -2.883865e-002 -3.565455e-002 
-3.532876e-002 -2.759095e-002 -3.446970e-002 
-3.598767e-002 -2.878208e-002 -3.624093e-002 
-3.551117e-002 -2.943166e-002 -3.600095e-002 
-3.530587e-002 -2.683876e-002 -3.399554e-002 
-3.499907e-002 -2.867522e-002 -3.526863e-002 
-3.642566e-002 -2.933095e-002 -3.591387e-002 
-3.348229e-002 -2.830454e-002 -3.381287e-002 
-3.396312e-002 -2.446904e-002 -3.333095e-002 
-3.573786e-002 -2.706410e-002 -3.538612e-002 
-3.203338e-002 -2.755004e-002 -3.243949e-002 
-3.419367e-002 -2.773758e-002 -3.404556e-002 
-3.400196e-002 -2.628396e-002 -3.394092e-002 
-3.399434e-002 -2.704774e-002 -3.399743e-002 
-3.309610e-002 -2.732018e-002 -3.272867e-002 
-3.167226e-002 -2.167805e-002 -3.165337e-002 
-3.625186e-002 -2.607618e-002 -3.648908e-002 
-3.533567e-002 -2.517846e-002 -3.405069e-002 
-3.407138e-002 -2.671473e-002 -3.366693e-002 
-3.354632e-002 -2.482824e-002 -3.375242e-002 
-3.342112e-002 -2.584419e-002 -3.352801e-002 
-3.154683e-002 -2.584012e-002 -3.282115e-002 
-3.418485e-002 -2.437792e-002 -3.235734e-002 
-3.506224e-002 -2.393238e-002 -3.381802e-002 
-3.274606e-002 -2.629207e-002 -3.279717e-002 
-3.142716e-002 -2.332526e-002 -3.031869e-002 
-3.135291e-002 -2.361226e-002 -3.008451e-002 
-3.440148e-002 -2.637156e-002 -3.326285e-002 
-3.120008e-002 -2.281457e-002 -3.109194e-002 
-2.850248e-002 -2.163460e-002 -2.984329e-002 
-3.304089e-002 -2.513667e-002 -3.292102e-002 
-3.100602e-002 -2.261062e-002 -3.063678e-002 
-3.192669e-002 -2.391622e-002 -3.238673e-002 
-3.126777e-002 -2.312602e-002 -3.093469e-002 
-3.052640e-002 -2.378391e-002 -3.000831e-002 
-3.108096e-002 -2.167771e-002 -3.119148e-002 
-2.995227e-002 -2.297611e-002 -2.892005e-002 
-2.797317e-002 -2.283420e-002 -2.869868e-002 
-3.114703e-002 -2.146927e-002 -3.254353e-002 
-3.044780e-002 -2.331943e-002 -3.082025e-002 
-3.073456e-002 -2.364130e-002 -2.996835e-002 
-3.199706e-002 -2.277835e-002 -3.145059e-002 
-3.058880e-002 -2.323901e-002 -3.055768e-002 
-2.669788e-002 -2.083252e-002 -2.836403e-002 
-3.203354e-002 -2.344095e-002 -3.280267e-002 
-3.253830e-002 -2.459985e-002 -3.188697e-002 
-2.948545e-002 -2.278463e-002 -3.030940e-002 
-3.003483e-002 -2.346855e-002 -3.138099e-002 
-2.804551e-002 -2.189150e-002 -2.817466e-002 
-2.701811e-002 -2.078985e-002 -2.898195e-002 
-3.054030e-002 -2.109703e-002 -2.951147e-002 
-3.120717e-002 -1.903804e-002 -3.235550e-002 
-3.053305e-002 -2.031966e-002 -2.899518e-002 
-3.182384e-002 -2.012274e-002 -3.264589e-002 
-2.922008e-002 -1.971886e-002 -2.954692e-002 
-3.014394e-002 -2.344180e-002 -3.080104e-002 
-3.036788e-002 -2.119517e-002 -2.975070e-002 
-2.738337e-002 -1.660269e-002 -3.075570e-002 
-2.989308e-002 -2.198293e-002 -3.044875e-002 
-3.096206e-002 -1.999227e-002 -2.965725e-002 
-2.762325e-002 -2.211203e-002 -2.924698e-002 
-3.039902e-002 -2.221470e-002 -3.201048e-002 
-2.949364e-002 -2.215697e-002 -3.014303e-002 
-2.851274e-002 -2.238575e-002 -3.026258e-002 
-3.046860e-002 -1.896614e-002 -2.924974e-002 
-3.016896e-002 -1.859697e-002 -3.008575e-002 
-2.920839e-002 -2.006657e-002 -3.004944e-002 
-3.078323e-002 -2.108827e-002 -3.141752e-002 
-2.873558e-002 -1.898069e-002 -2.887387e-002 
-3.044452e-002 -2.110267e-002 -3.038371e-002 
-3.043688e-002 -1.976093e-002 -3.048953e-002 
-2.810714e-002 -1.881095e-002 -2.967126e-002 
-3.091252e-002 -2.048850e-002 -3.179975e-002 
-2.955984e-002 -2.414279e-002 -3.154285e-002 
-2.989436e-002 -1.875681e-002 -3.095624e-002 
-2.979330e-002 -1.824601e-002 -3.090864e-002 
-2.747916e-002 -1.717252e-002 -2.880345e-002 
-2.842649e-002 -1.859219e-002 -2.956930e-002 
-3.173521e-002 -2.082144e-002 -3.133900e-002 
-3.073228e-002 -2.078333e-002 -3.107129e-002 
-2.980501e-002 -1.638415e-002 -3.052545e-002 
-2.952904e-002 -1.769221e-002 -3.070987e-002 
-3.045099e-002 -1.887161e-002 -3.218290e-002 
-3.484849e-002 -2.015655e-002 -3.415698e-002 
-3.399885e-002 -2.384753e-002 -3.512198e-002 
1.115722e-002 1.501963e-003 3.830384e-002 
1.045742e-002 -2.917434e-002 3.070159e-002 
-3.920493e-002 -2.932199e-002 -3.299931e-002 
-4.156304e-002 -3.165917e-002 -3.869798e-002 
-3.494420e-002 -2.935729e-002 -2.831283e-002 
-3.972547e-002 -3.128973e-002 -3.791639e-002 
-4.140600e-002 -3.308636e-002 -3.986174e-002 
-4.083279e-002 -3.364645e-002 -3.935274e-002 
-4.070458e-002 -3.455850e-002 -3.951326e-002 
-4.029021e-002 -3.416716e-002 -3.986586e-002 
-3.829577e-002 -2.835450e-002 -3.741975e-002 
-3.944549e-002 -2.981607e-002 -3.892131e-002 
-4.102038e-002 -3.452110e-002 -3.999877e-002 
-3.989102e-002 -3.399816e-002 -3.925942e-002 
-3.972947e-002 -3.388253e-002 -3.962347e-002 
-3.989593e-002 -3.400274e-002 -3.936437e-002 
-3.963442e-002 -3.256704e-002 -3.908395e-002 
-3.892092e-002 -3.296015e-002 -3.915031e-002 
-3.859628e-002 -2.988096e-002 -3.898371e-002 
-3.956581e-002 -3.382574e-002 -3.938732e-002 
-3.963148e-002 -3.082337e-002 -3.875229e-002 
-3.748462e-002 -2.759455e-002 -3.541647e-002 
-3.872993e-002 -2.785795e-002 -3.740999e-002 
-4.081099e-002 -3.438715e-002 -4.025936e-002 
-3.891252e-002 -3.170338e-002 -3.874466e-002 
-3.856248e-002 -3.133752e-002 -3.856121e-002 
-3.973246e-002 -3.237161e-002 -3.931474e-002 
-4.041963e-002 -3.114285e-002 -3.941557e-002 
-3.860135e-002 -2.868393e-002 -3.840905e-002 
-3.716350e-002 -2.848442e-002 -3.700730e-002 
-3.967537e-002 -3.170627e-002 -3.910339e-002 
-3.927841e-002 -3.019624e-002 -3.852916e-002 
-3.861196e-002 -3.009863e-002 -3.848754e-002 
-3.653232e-002 -3.042447e-002 -3.650605e-002 
-3.721208e-002 -2.871810e-002 -3.685806e-002 
-3.948708e-002 -2.919711e-002 -3.861451e-002 
-3.817035e-002 -3.061937e-002 -3.787901e-002 
-3.642337e-002 -2.725956e-002 -3.654481e-002 
-3.799838e-002 -2.778378e-002 -3.702880e-002 
-3.742823e-002 -2.668208e-002 -3.762404e-002 
-3.668503e-002 -2.849179e-002 -3.663381e-002 
-3.513237e-002 -2.599174e-002 -3.597240e-002 
-3.690767e-002 -2.666019e-002 -3.721154e-002 
-3.790242e-002 -2.794654e-002 -3.699059e-002 
-3.525957e-002 -2.475823e-002 -3.365946e-002 
-3.654974e-002 -2.693363e-002 -3.633674e-002 
-3.597285e-002 -2.588544e-002 -3.554237e-002 
-3.488007e-002 -2.387948e-002 -3.486651e-002 
-3.187597e-002 -2.377412e-002 -3.318363e-002 
-3.689857e-002 -2.399512e-002 -3.577539e-002 
-3.304727e-002 -2.332443e-002 -3.339727e-002 
-3.696381e-002 -2.657686e-002 -3.637381e-002 
-3.694131e-002 -2.333070e-002 -3.438201e-002 
-3.443285e-002 -2.339631e-002 -3.495838e-002 
-3.330780e-002 -2.283197e-002 -3.249125e-002 
-3.301071e-002 -2.188264e-002 -3.313968e-002 
-3.359354e-002 -2.390674e-002 -3.355402e-002 
-3.361549e-002 -2.189346e-002 -3.221345e-002 
-3.289906e-002 -2.045705e-002 -3.232532e-002 
-2.964018e-002 -2.253178e-002 -3.226816e-002 
-3.176692e-002 -2.011627e-002 -3.131904e-002 
-3.209212e-002 -2.115299e-002 -2.892718e-002 
-3.525112e-002 -2.510663e-002 -3.579533e-002 
-3.679696e-002 -2.486528e-002 -3.666372e-002 
-3.615393e-002 -2.433668e-002 -3.616491e-002 
-3.459029e-002 -2.169443e-002 -3.507059e-002 
-3.569101e-002 -2.154218e-002 -3.421695e-002 
-3.338184e-002 -2.221148e-002 -3.347676e-002 
-3.486358e-002 -2.325701e-002 -3.528386e-002 
-3.187456e-002 -2.534909e-002 -3.195388e-002 
-3.368499e-002 -2.317653e-002 -3.471337e-002 
-3.257188e-002 -2.375121e-002 -3.373524e-002 
-3.235722e-002 -2.475074e-002 -3.168924e-002 
-3.360647e-002 -2.374410e-002 -3.264198e-002 
-2.878757e-002 -1.075334e-002 -2.134711e-002 
-3.522651e-002 -1.951345e-002 -3.437863e-002 
-3.698164e-002 -2.493653e-002 -3.588081e-002 
-3.924339e-002 -2.730314e-002 -3.814683e-002 
-4.014073e-002 -3.074090e-002 -3.911877e-002 
-3.798171e-002 -2.801511e-002 -3.712701e-002 
-3.891196e-002 -2.723774e-002 -3.608381e-002 
-4.094948e-002 -3.357572e-002 -4.004524e-002 
-3.920662e-002 -3.218506e-002 -3.900173e-002 
-3.691974e-002 -3.122811e-002 -3.797396e-002 
-3.656541e-002 -2.960541e-002 -3.760436e-002 
-3.527007e-002 -3.055280e-002 -3.614646e-002 
-3.765178e-002 -2.888054e-002 -3.685716e-002 
-3.824602e-002 -2.922208e-002 -3.797303e-002 
-3.844419e-002 -2.899867e-002 -3.802399e-002 
-3.999613e-002 -3.345401e-002 -3.881477e-002 
-4.073352e-002 -3.317371e-002 -3.936411e-002 
-4.088627e-002 -3.206398e-002 -3.940537e-002 
-3.999105e-002 -3.358783e-002 -3.872355e-002 
-3.963858e-002 -3.193057e-002 -3.828205e-002 
-3.969911e-002 -3.297526e-002 -3.868960e-002 
-4.025811e-002 -3.485872e-002 -3.914866e-002 
-4.134711e-002 -3.516634e-002 -4.005232e-002 
-4.002303e-002 -3.443385e-002 -3.892454e-002 
-4.138142e-002 -3.548739e-002 -3.977923e-002 
-4.081436e-002 -3.442001e-002 -3.836424e-002 
-4.137396e-002 -3.591297e-002 -4.015341e-002 
-4.101221e-002 -3.540453e-002 -4.007443e-002 
-1.289527e-002 -2.462821e-002 -1.552376e-002 
-4.171654e-002 -3.561381e-002 -4.044563e-002 
-4.177188e-002 -3.555418e-002 -4.002431e-002 
-4.132967e-002 -3.547490e-002 -4.031243e-002 
-4.187747e-002 -3.517904e-002 -4.008895e-002 
-4.191537e-002 -3.578506e-002 -4.042106e-002 
-4.122238e-002 -3.499422e-002 -4.015506e-002 
-1.083848e-002 -2.755430e-002 -5.491832e-003 
-1.075095e-002 -3.316236e-002 -2.131279e-002 
-4.079768e-002 -3.145971e-002 -3.968927e-002 
-4.006036e-002 -3.172378e-002 -3.934713e-002 
-4.084431e-002 -3.535976e-002 -3.981528e-002 
-4.139962e-002 -3.578022e-002 -3.942237e-002 
-4.098617e-002 -3.532314e-002 -3.991094e-002 
-1.871294e-002 -3.042188e-002 1.674983e-003 
4.447148e-002 -2.152810e-002 6.979320e-002 
-2.922693e-002 -3.105658e-002 -2.407363e-002 
-4.206950e-002 -3.528088e-002 -4.001564e-002 
-4.217552e-003 -2.762699e-002 1.536990e-002 
3.576199e-002 -2.739831e-002 6.218347e-002 
1.721995e-002 -2.626108e-002 2.343673e-002 
4.285519e-002 -2.691042e-002 1.789002e-002 
-4.040285e-002 -3.522563e-002 -3.868621e-002 
-4.170433e-002 -3.533169e-002 -4.030701e-002 
-4.144823e-002 -3.452635e-002 -3.946225e-002 
-4.107363e-002 -3.418451e-002 -3.999708e-002 
-4.180009e-002 -3.455254e-002 -4.006583e-002 
-4.142417e-002 -3.523118e-002 -4.021575e-002 
-4.035101e-002 -3.500289e-002 -4.012391e-002 
-4.107142e-002 -3.384744e-002 -3.962615e-002 
-4.156079e-002 -3.608094e-002 -4.041048e-002 
-4.055306e-002 -3.562914e-002 -4.008202e-002 
-4.152342e-002 -3.553702e-002 -4.059795e-002 
-4.057727e-002 -3.441763e-002 -4.016641e-002 
-4.108948e-002 -3.563120e-002 -4.018819e-002 
-4.082521e-002 -3.469980e-002 -3.955189e-002 
-4.108733e-002 -3.526929e-002 -4.029828e-002 
-4.081165e-002 -3.437239e-002 -3.997569e-002 
-4.066289e-002 -3.486489e-002 -3.984218e-002 
-4.069080e-002 -3.521541e-002 -4.023678e-002 
-4.052692e-002 -3.545281e-002 -3.994970e-002 
-4.156013e-002 -3.533357e-002 -4.013431e-002 
-4.038611e-002 -3.478666e-002 -4.000053e-002 
-4.022213e-002 -3.427456e-002 -4.000572e-002 
-3.945506e-002 -3.323926e-002 -3.913785e-002 
-4.047154e-002 -3.467971e-002 -3.935311e-002 
-3.938022e-002 -3.380589e-002 -3.946181e-002 
-3.913664e-002 -3.407174e-002 -3.881856e-002 
-3.968735e-002 -3.387987e-002 -3.909525e-002 
-4.016125e-002 -3.480283e-002 -3.937097e-002 
-3.814656e-002 -3.148857e-002 -3.787543e-002 
-4.038719e-002 -3.290547e-002 -3.946506e-002 
-3.767521e-002 -3.286229e-002 -3.836214e-002 
-4.051457e-002 -3.448193e-002 -3.963672e-002 
-3.897922e-002 -3.248483e-002 -3.857072e-002 
-4.006953e-002 -3.311669e-002 -3.927118e-002 
-4.031521e-002 -3.403780e-002 -3.902047e-002 
-3.867738e-002 -3.384076e-002 -3.877812e-002 
-3.991393e-002 -3.359006e-002 -3.895514e-002 
-3.926764e-002 -3.334598e-002 -3.854477e-002 
-3.869494e-002 -3.009022e-002 -3.809446e-002 
-3.938428e-002 -3.383551e-002 -3.865245e-002 
-3.845155e-002 -3.135985e-002 -3.823742e-002 
-3.903420e-002 -3.145630e-002 -3.826798e-002 
-3.735022e-002 -3.004193e-002 -3.827019e-002 
-3.860031e-002 -3.039048e-002 -3.854589e-002 
-3.694182e-002 -2.981741e-002 -3.684949e-002 
-3.880620e-002 -3.089966e-002 -3.854328e-002 
-3.856940e-002 -3.060965e-002 -3.862239e-002 
-3.774103e-002 -3.024230e-002 -3.725281e-002 
-3.968614e-002 -3.060359e-002 -3.854323e-002 
-3.393449e-002 -2.816498e-002 -3.546283e-002 
-3.955991e-002 -3.093226e-002 -3.864684e-002 
-3.675297e-002 -2.878721e-002 -3.744431e-002 
-3.774171e-002 -2.913818e-002 -3.639577e-002 
-3.718325e-002 -2.934707e-002 -3.671664e-002 
-3.586238e-002 -2.830148e-002 -3.491790e-002 
-3.810246e-002 -2.973257e-002 -3.759897e-002 
-3.485239e-002 -2.709942e-002 -3.431481e-002 
-3.426975e-002 -2.723559e-002 -3.303115e-002 
-3.645223e-002 -2.865538e-002 -3.548938e-002 
-3.511674e-002 -2.682312e-002 -3.491325e-002 
-3.374418e-002 -2.546267e-002 -3.495013e-002 
-3.737995e-002 -2.750779e-002 -3.570441e-002 
-3.376962e-002 -2.565884e-002 -3.399826e-002 
-3.422190e-002 -2.642297e-002 -3.458724e-002 
-3.652914e-002 -2.608735e-002 -3.515823e-002 
-3.562621e-002 -2.606301e-002 -3.443720e-002 
-3.343151e-002 -2.598552e-002 -3.431365e-002 
-3.253046e-002 -2.307960e-002 -3.192710e-002 
-3.433465e-002 -2.439009e-002 -3.305267e-002 
-3.118409e-002 -2.316768e-002 -3.264635e-002 
-3.075644e-002 -2.357420e-002 -3.254552e-002 
-3.379084e-002 -2.455992e-002 -3.300677e-002 
-3.427207e-002 -2.699750e-002 -3.347213e-002 
-3.340711e-002 -2.265645e-002 -3.226326e-002 
-3.359404e-002 -2.386834e-002 -3.355084e-002 
-3.225401e-002 -2.018678e-002 -3.131737e-002 
-3.556920e-002 -2.461626e-002 -3.492912e-002 
-3.164949e-002 -2.229360e-002 -3.174738e-002 
-3.449889e-002 -2.550614e-002 -3.359164e-002 
-3.353484e-002 -2.536799e-002 -3.306377e-002 
-3.289681e-002 -2.288312e-002 -3.233847e-002 
-3.193405e-002 -2.126973e-002 -3.311839e-002 
-3.318291e-002 -2.466165e-002 -3.290481e-002 
-3.018022e-002 -2.024703e-002 -2.903934e-002 
-2.877573e-002 -2.184666e-002 -3.159115e-002 
-3.270684e-002 -2.184410e-002 -3.218274e-002 
-3.306231e-002 -2.310283e-002 -3.260743e-002 
-3.432810e-002 -2.073679e-002 -3.245252e-002 
-2.946635e-002 -1.862014e-002 -2.958784e-002 
-2.957994e-002 -2.438288e-002 -3.195148e-002 
-3.190542e-002 -2.327336e-002 -3.123654e-002 
-3.444857e-002 -2.267397e-002 -3.271492e-002 
-3.284054e-002 -2.127035e-002 -3.189009e-002 
-3.185509e-002 -2.259695e-002 -3.190221e-002 
-3.446369e-002 -2.222915e-002 -3.321843e-002 
-3.193317e-002 -2.473258e-002 -3.248640e-002 
-3.278685e-002 -2.193794e-002 -3.336069e-002 
-3.255613e-002 -2.387746e-002 -3.275098e-002 
-3.117523e-002 -1.839403e-002 -3.007165e-002 
-3.323227e-002 -2.281941e-002 -3.268959e-002 
-2.882379e-002 -2.231993e-002 -3.112700e-002 
-3.252977e-002 -2.236661e-002 -3.339687e-002 
-3.277272e-002 -1.772349e-002 -3.257551e-002 
-2.954629e-002 -1.895410e-002 -2.802436e-002 
-2.893406e-002 -2.056671e-002 -2.886112e-002 
-3.011051e-002 -2.145157e-002 -3.084222e-002 
-3.171984e-002 -2.006043e-002 -3.223103e-002 
-3.140179e-002 -1.971773e-002 -3.202170e-002 
-3.228415e-002 -2.069678e-002 -3.246799e-002 
-2.971824e-002 -1.867941e-002 -3.264957e-002 
-3.172447e-002 -1.962367e-002 -3.227289e-002 
9.156263e-003 -1.208109e-002 3.480259e-002 
2.861875e-002 -2.178687e-002 1.577033e-002 
-3.985573e-002 -3.035417e-002 -3.755645e-002 
-3.748989e-002 -2.751295e-002 -3.729800e-002 
-3.753990e-002 -3.014538e-002 -3.856386e-002 
-3.634933e-002 -2.839257e-002 -3.658460e-002 
-4.018057e-002 -3.002247e-002 -3.925155e-002 
-3.886594e-002 -2.839870e-002 -3.813900e-002 
-3.963499e-002 -3.244855e-002 -3.926041e-002 
-4.056473e-002 -3.333625e-002 -3.853740e-002 
-3.911210e-002 -2.980541e-002 -3.787575e-002 
-3.960021e-002 -3.327512e-002 -3.923101e-002 
-3.858207e-002 -3.300596e-002 -3.887920e-002 
-3.618950e-002 -2.921898e-002 -3.687824e-002 
-3.604324e-002 -3.031392e-002 -3.623121e-002 
-3.833443e-002 -3.331375e-002 -3.847382e-002 
-3.821719e-002 -3.206911e-002 -3.816472e-002 
-3.945408e-002 -3.265969e-002 -3.811276e-002 
-3.942398e-002 -3.420222e-002 -3.805347e-002 
-4.051818e-002 -2.418990e-002 -3.899727e-002 
-4.023297e-002 -3.401724e-002 -3.799079e-002 
-4.120969e-002 -3.405259e-002 -3.943848e-002 
-4.077066e-002 -3.376433e-002 -3.876894e-002 
-4.181463e-002 -3.543375e-002 -3.981575e-002 
-4.115480e-002 -3.396291e-002 -3.912613e-002 
-4.072855e-002 -3.449391e-002 -3.863258e-002 
-4.126879e-002 -3.410988e-002 -3.902124e-002 
-4.194173e-002 -3.357241e-002 -3.980957e-002 
-3.846066e-002 -3.343417e-002 -3.626972e-002 
-3.678180e-002 -3.264966e-002 -3.556273e-002 
-4.064278e-002 -3.381925e-002 -3.934989e-002 
-4.215201e-002 -3.466649e-002 -4.016541e-002 
-3.967991e-002 -3.583524e-002 -3.940444e-002 
-4.192595e-002 -3.374158e-002 -4.024571e-002 
-4.257410e-002 -3.478388e-002 -4.075638e-002 
2.940186e-002 -2.950298e-002 1.526043e-002 
-4.101197e-002 -3.615430e-002 -3.979533e-002 
-4.175739e-002 -3.575816e-002 -4.025899e-002 
-4.230187e-002 -3.605082e-002 -4.061102e-002 
-4.262594e-002 -3.480200e-002 -4.112190e-002 
-4.260902e-002 -3.540851e-002 -4.073980e-002 
-4.146787e-002 -3.536025e-002 -3.880552e-002 
-4.208990e-002 -3.611254e-002 -4.009089e-002 
-4.215380e-002 -3.565287e-002 -4.050777e-002 
-4.208615e-002 -3.625347e-002 -4.035023e-002 
-4.196666e-002 -3.584721e-002 -4.016324e-002 
-4.218118e-002 -3.573447e-002 -4.062146e-002 
-4.269022e-002 -3.509454e-002 -4.104715e-002 
-4.249728e-002 -3.590731e-002 -4.046851e-002 
-4.226497e-002 -3.630781e-002 -4.022801e-002 
-4.213230e-002 -3.626819e-002 -4.016584e-002 
-3.475179e-002 -3.403946e-002 -2.971831e-002 
-4.176258e-002 -3.479558e-002 -3.994961e-002 
-4.163499e-002 -3.465076e-002 -4.012131e-002 
-4.057398e-002 -3.358286e-002 -3.981121e-002 
-2.327615e-002 -3.273235e-002 -2.369415e-002 
5.470675e-002 -3.076235e-002 -7.822659e-004 
-4.126916e-002 -3.479320e-002 -4.087720e-002 
-4.153819e-002 -3.512366e-002 -4.042027e-002 
-4.180677e-002 -3.608035e-002 -4.033521e-002 
-4.051424e-002 -3.581795e-002 -3.966825e-002 
-4.119257e-002 -3.251450e-002 -3.975324e-002 
-4.095754e-002 -3.521075e-002 -4.000886e-002 
-4.007430e-002 -3.523299e-002 -3.994399e-002 
-4.033172e-002 -3.379600e-002 -3.969558e-002 
-3.999180e-002 -3.517251e-002 -3.934959e-002 
-4.010295e-002 -3.336688e-002 -3.866138e-002 
-4.116704e-002 -3.254537e-002 -3.969077e-002 
-4.041839e-002 -3.527199e-002 -4.001660e-002 
-3.814264e-002 -3.073833e-002 -3.847390e-002 
-3.937828e-002 -3.094892e-002 -3.881328e-002 
-3.948875e-002 -3.537824e-002 -3.946587e-002 
-4.009077e-002 -3.514742e-002 -3.972717e-002 
-3.802678e-002 -3.335377e-002 -3.892703e-002 
-3.759721e-002 -3.408861e-002 -3.770590e-002 
-3.955043e-002 -3.188637e-002 -3.896032e-002 
-4.106629e-002 -3.443991e-002 -3.948687e-002 
-4.074209e-002 -3.551131e-002 -4.004993e-002 
-3.854867e-002 -3.113670e-002 -3.806230e-002 
-4.086507e-002 -3.285766e-002 -4.021599e-002 
-3.843071e-002 -3.554648e-002 -3.844049e-002 
-4.105896e-002 -3.602589e-002 -3.991921e-002 
-4.098381e-002 -3.597365e-002 -4.008785e-002 
-4.024868e-002 -3.252143e-002 -3.974729e-002 
-3.793806e-002 -3.524469e-002 -3.838263e-002 
-4.049118e-002 -3.554817e-002 -3.977563e-002 
-3.834553e-002 -3.455272e-002 -3.855410e-002 
-3.979632e-002 -3.182729e-002 -3.884736e-002 
-4.107228e-002 -3.406796e-002 -3.990675e-002 
-3.858468e-002 -3.495014e-002 -3.873384e-002 
-3.951215e-002 -3.192076e-002 -3.862770e-002 
-4.170822e-002 -3.506438e-002 -4.022083e-002 
-4.090785e-002 -3.463797e-002 -3.996285e-002 
-4.017876e-002 -3.596420e-002 -4.001317e-002 
-3.987662e-002 -3.265926e-002 -3.889354e-002 
-4.034168e-002 -3.593459e-002 -3.954126e-002 
-3.991055e-002 -3.553558e-002 -3.957407e-002 
-4.002109e-002 -3.584320e-002 -3.971647e-002 
-3.883490e-002 -3.117267e-002 -3.809929e-002 
-3.868935e-002 -3.232317e-002 -3.801780e-002 
-4.123698e-002 -3.552046e-002 -4.029066e-002 
-4.085238e-002 -3.365929e-002 -3.993443e-002 
-3.915076e-002 -3.048109e-002 -3.796193e-002 
-4.115498e-002 -3.559090e-002 -4.011344e-002 
-4.164950e-002 -3.599616e-002 -4.031973e-002 
-4.087974e-002 -3.451064e-002 -3.961459e-002 
-3.990974e-002 -3.472885e-002 -3.889153e-002 
-4.056646e-002 -3.526004e-002 -3.987956e-002 
-4.161459e-002 -3.517711e-002 -4.028826e-002 
-3.856656e-002 -3.210968e-002 -3.851066e-002 
-4.090054e-002 -3.428866e-002 -4.006122e-002 
-4.027898e-002 -3.527077e-002 -3.983070e-002 
-4.072732e-002 -3.539145e-002 -3.979555e-002 
-4.131733e-002 -3.523016e-002 -3.975524e-002 
-3.948718e-002 -3.397268e-002 -3.902059e-002 
-3.934572e-002 -3.557768e-002 -3.958293e-002 
-4.038805e-002 -3.475734e-002 -3.961108e-002 
-4.060644e-002 -3.463303e-002 -3.950801e-002 
-4.135771e-002 -3.456325e-002 -3.950800e-002 
-3.878000e-002 -3.349657e-002 -3.854566e-002 
-3.991671e-002 -3.360585e-002 -3.960472e-002 
4.470564e-002 -2.183569e-002 3.584415e-002 
9.834651e-003 -3.030008e-002 1.037493e-002 
-3.002826e-002 -3.158127e-002 -3.483595e-002 
-3.898901e-002 -3.080493e-002 -3.724189e-002 
-3.889838e-002 -3.033276e-002 -3.735525e-002 
-4.079363e-002 -3.315782e-002 -3.926011e-002 
-3.950301e-002 -3.418505e-002 -3.872819e-002 
-4.184797e-002 -3.547271e-002 -4.012904e-002 
-3.992682e-002 -3.308703e-002 -3.939130e-002 
-3.863044e-002 -3.113713e-002 -3.733438e-002 
-3.886224e-002 -3.195158e-002 -3.737200e-002 
-3.955015e-002 -3.029813e-002 -3.825619e-002 
-3.977936e-002 -3.262863e-002 -3.775470e-002 
-3.830368e-002 -3.022934e-002 -3.633590e-002 
-4.052906e-002 -3.144522e-002 -3.970112e-002 
-4.047903e-002 -3.230471e-002 -3.815580e-002 
-3.898137e-002 -3.090196e-002 -3.709370e-002 
-4.070170e-002 -3.206019e-002 -3.888400e-002 
-4.011190e-002 -2.981007e-002 -3.872874e-002 
-4.029277e-002 -3.223977e-002 -3.889638e-002 
-4.097510e-002 -3.365348e-002 -3.955471e-002 
-3.969708e-002 -3.159749e-002 -3.748899e-002 
-4.067482e-002 -3.419459e-002 -3.875914e-002 
-4.003659e-002 -3.464431e-002 -3.946803e-002 
-3.954410e-002 -3.211726e-002 -3.830447e-002 
-4.101836e-002 -3.502269e-002 -3.984923e-002 
-4.137627e-002 -3.512253e-002 -3.994911e-002 
-4.151894e-002 -3.482065e-002 -4.023132e-002 
-4.172925e-002 -3.518958e-002 -4.051111e-002 
-4.050313e-002 -3.444785e-002 -3.972338e-002 
-3.544325e-002 -2.974394e-002 -3.689032e-002 
-4.055785e-002 -3.297561e-002 -3.858273e-002 
-4.037410e-002 -3.328735e-002 -3.884650e-002 
-3.935313e-002 -3.231430e-002 -3.743335e-002 
-4.095991e-002 -3.330860e-002 -3.989463e-002 
-4.049062e-002 -3.468001e-002 -3.943659e-002 
-4.061790e-002 -3.552957e-002 -4.003801e-002 
-4.082097e-002 -3.380771e-002 -3.946078e-002 
-3.849731e-002 -2.936624e-002 -3.662998e-002 
-4.044509e-002 -3.457844e-002 -3.961539e-002 
-4.034587e-002 -3.507053e-002 -3.967526e-002 
-3.465419e-002 -3.096439e-002 -3.639294e-002 
-3.918253e-002 -3.076639e-002 -3.749082e-002 
-4.134096e-002 -3.293594e-002 -3.988710e-002 
-2.013431e-002 -4.718712e-003 -2.752178e-002 
5.790526e-002 -6.840175e-003 -5.519038e-003 
-4.080223e-002 -3.438540e-002 -3.977456e-002 
-4.033991e-002 -3.494999e-002 -3.910308e-002 
-3.928336e-002 -3.108780e-002 -3.866978e-002 
-4.128182e-002 -3.465050e-002 -4.007611e-002 
-3.909569e-002 -3.033159e-002 -3.794643e-002 
-4.004250e-002 -3.403985e-002 -3.910612e-002 
-3.815660e-002 -3.354376e-002 -3.864600e-002 
-3.971435e-002 -3.463001e-002 -3.978641e-002 
-3.729881e-002 -3.143398e-002 -3.685654e-002 
-3.873238e-002 -3.392389e-002 -3.861776e-002 
-3.833848e-002 -3.534643e-002 -3.854351e-002 
-3.769963e-002 -3.180198e-002 -3.708395e-002 
-4.038144e-002 -3.386518e-002 -3.830756e-002 
-4.095133e-002 -3.531954e-002 -3.916066e-002 
-4.240402e-002 -3.577864e-002 -4.101340e-002 
-4.238854e-002 -3.591924e-002 -4.079908e-002 
-4.237110e-002 -3.611229e-002 -4.028276e-002 
-4.173978e-002 -3.483621e-002 -4.004500e-002 
-4.219373e-002 -3.545858e-002 -4.051358e-002 
-4.221908e-002 -3.555183e-002 -4.047943e-002 
-4.197619e-002 -3.383892e-002 -4.045858e-002 
-4.249740e-002 -3.477365e-002 -4.102531e-002 
-4.225407e-002 -3.529211e-002 -4.003260e-002 
-4.193476e-002 -3.529302e-002 -4.032563e-002 
-4.187761e-002 -3.396791e-002 -4.066980e-002 
-3.775236e-002 -3.598828e-002 -4.020751e-002 
-4.220905e-002 -3.499313e-002 -4.070150e-002 
-4.194267e-002 -3.543513e-002 -4.038898e-002 
-4.257904e-002 -3.629369e-002 -4.077261e-002 
2.761389e-002 -2.865858e-002 2.255818e-002 
-2.334920e-002 -3.535484e-002 -2.096923e-002 
-4.211368e-002 -3.671582e-002 -4.020689e-002 
-4.157038e-002 -3.593760e-002 -4.025313e-002 
-4.144009e-002 -3.509214e-002 -3.999801e-002 
-3.994263e-002 -3.656434e-002 -4.029443e-002 
-4.238360e-002 -3.637369e-002 -4.051598e-002 
-3.891903e-002 -3.606662e-002 -4.005371e-002 
-3.710810e-002 -3.492851e-002 -3.934504e-002 
-4.258654e-002 -3.549379e-002 -4.081385e-002 
-3.478328e-002 -3.374186e-002 -3.759843e-002 
-9.352772e-003 -3.604041e-002 -3.175593e-002 
-4.243022e-002 -3.682177e-002 -4.089261e-002 
-3.498525e-002 -3.641956e-002 -3.956872e-002 
-4.052819e-002 -3.628393e-002 -4.071240e-002 
-4.286734e-002 -3.367095e-002 -4.108719e-002 
3.968957e-003 -3.175164e-002 1.863052e-002 
-4.158731e-002 -3.622370e-002 -3.957539e-002 
-3.411766e-002 -3.438307e-002 -3.935206e-002 
-4.250861e-002 -3.561711e-002 -4.089256e-002 
-4.139298e-002 -3.454956e-002 -4.094486e-002 
-3.528885e-002 -3.489218e-002 -3.823662e-002 
-4.264627e-002 -3.483709e-002 -4.129548e-002 
-3.965966e-002 -3.466077e-002 -4.056614e-002 
-4.235225e-002 -3.548299e-002 -4.102259e-002 
-4.209184e-002 -3.552412e-002 -4.117027e-002 
-4.214129e-002 -3.574272e-002 -4.108773e-002 
-4.246599e-002 -3.448227e-002 -4.123267e-002 
-4.283083e-002 -3.462927e-002 -4.130314e-002 
-1.649012e-002 -3.457923e-002 -3.283286e-002 
-4.235538e-002 -3.611303e-002 -4.124077e-002 
-4.235753e-002 -3.450228e-002 -4.106268e-002 
-4.210885e-002 -3.309058e-002 -4.087823e-002 
-4.213344e-002 -3.227414e-002 -4.069818e-002 
-3.277742e-002 -3.420411e-002 -3.405038e-002 
-4.182240e-002 -3.565050e-002 -4.045562e-002 
-4.246640e-002 -3.540853e-002 -4.105718e-002 
-4.214592e-002 -3.584167e-002 -4.084096e-002 
-4.240075e-002 -3.629460e-002 -4.085887e-002 
-4.282547e-002 -3.581289e-002 -4.108643e-002 
-4.107673e-002 -3.514880e-002 -4.045296e-002 
6.631567e-002 -2.537159e-002 -1.126978e-003 
9.007298e-004 -3.482786e-002 -3.309021e-002 
-3.890252e-002 -3.665994e-002 -4.108667e-002 
-4.022582e-002 -3.661426e-002 -4.100076e-002 
-4.155063e-002 -3.497044e-002 -4.068381e-002 
-3.104885e-002 -3.578710e-002 -3.956091e-002 
-3.894437e-002 -3.687003e-002 -4.098719e-002 
-4.020944e-002 -3.677615e-002 -4.068239e-002 
-4.198539e-002 -3.663635e-002 -4.070806e-002 
-4.217751e-002 -3.612634e-002 -4.097465e-002 
-4.204497e-002 -3.650842e-002 -4.119224e-002 
-4.212882e-002 -3.321217e-002 -4.091630e-002 
-4.216651e-002 -3.246762e-002 -4.108508e-002 
-4.243270e-002 -3.518911e-002 -4.100514e-002 
-1.096617e-002 -3.335697e-002 -3.830921e-002 
-4.255150e-002 -3.601683e-002 -4.062175e-002 
-4.231461e-002 -3.549736e-002 -4.099520e-002 
-4.213594e-002 -3.559392e-002 -4.089074e-002 
-4.262700e-002 -3.474348e-002 -4.097815e-002 
-2.843702e-002 -3.511092e-002 -3.994588e-002 
-3.817959e-002 -3.555961e-002 -4.050294e-002 
-4.212514e-002 -1.421782e-002 -4.087879e-002 
-4.235388e-002 -3.291452e-002 -4.067181e-002 
-4.242476e-002 -2.363873e-002 -4.142972e-002 
-4.240262e-002 -3.269758e-002 -4.077271e-002 
-4.177406e-002 -2.889610e-002 -4.062927e-002 
-3.711986e-002 -3.318726e-002 -4.063420e-002 
-4.159184e-002 -3.652170e-002 -4.089082e-002 
-4.114825e-002 -3.371209e-002 -4.108108e-002 
-4.225274e-002 -3.662197e-002 -4.119484e-002 
-4.148920e-002 -3.581650e-002 -4.115593e-002 
-4.115723e-002 -3.631673e-002 -4.092069e-002 
-4.017022e-002 -2.511892e-002 -4.079985e-002 
-4.130353e-002 -3.440571e-002 -4.095361e-002 
-4.052169e-002 -3.639794e-002 -3.986015e-002 
-4.169978e-002 -3.464380e-002 -4.094823e-002 
3.489885e-002 -3.195710e-002 3.208676e-002 
-8.836985e-003 -3.522535e-002 -3.055784e-003 
-4.077423e-002 -3.642849e-002 -4.044852e-002 
-4.089495e-002 -3.661144e-002 -4.067138e-002 
-3.927679e-002 -3.618993e-002 -4.039886e-002 
-4.074860e-002 -3.634479e-002 -4.106181e-002 
-3.988183e-002 -3.646483e-002 -4.107157e-002 
-4.076182e-002 -3.653819e-002 -4.073912e-002 
-4.100644e-002 -3.615204e-002 -4.101165e-002 
-4.159063e-002 -3.633484e-002 -4.108167e-002 
-4.022337e-002 -3.619846e-002 -4.060148e-002 
-3.926161e-002 -3.599065e-002 -4.017856e-002 
-4.152431e-002 -3.578952e-002 -4.070011e-002 
-3.987300e-002 -3.592767e-002 -4.024349e-002 
-4.034360e-002 -3.514926e-002 -4.056009e-002 
-4.086883e-002 -3.614401e-002 -4.043147e-002 
-4.010765e-002 -3.259050e-002 -4.051964e-002 
-3.765243e-002 -3.483437e-002 -3.883313e-002 
-3.803786e-002 -3.476835e-002 -3.966622e-002 
-3.762650e-002 -3.600689e-002 -4.008560e-002 
-3.942261e-002 -3.610300e-002 -4.074514e-002 
-4.045851e-002 -3.591573e-002 -4.040723e-002 
-4.046203e-002 -3.620400e-002 -4.116550e-002 
-3.848485e-002 -3.340276e-002 -4.061460e-002 
-4.093410e-002 -3.566900e-002 -3.998246e-002 
8.418342e-002 -2.782672e-002 1.768575e-002 
-1.103600e-002 -3.669785e-002 -4.068072e-002 
-2.131064e-002 -3.591838e-002 -4.016163e-002 
-3.299692e-002 -3.541112e-002 -3.992325e-002 
-3.357089e-002 -3.535382e-002 -3.989724e-002 
-3.666802e-002 -3.598437e-002 -4.000714e-002 
-3.632227e-002 -3.590451e-002 -4.050784e-002 
-3.584882e-002 -3.576453e-002 -3.990988e-002 
-3.558134e-002 -3.585207e-002 -3.969371e-002 
-3.684623e-002 -3.576790e-002 -4.043695e-002 
-3.696023e-002 -3.646124e-002 -4.011923e-002 
-3.698572e-002 -3.581288e-002 -3.995277e-002 
-3.773542e-002 -3.569226e-002 -4.042228e-002 
-3.765075e-002 -3.543588e-002 -3.979212e-002 
-3.779930e-002 -3.585122e-002 -4.031543e-002 
-3.637048e-002 -3.552164e-002 -3.888308e-002 
-3.680198e-002 -3.543809e-002 -3.962870e-002 
-3.722902e-002 -3.574213e-002 -4.010682e-002 
-3.597734e-002 -3.541704e-002 -3.954397e-002 
-3.693361e-002 -3.558714e-002 -3.970978e-002 
-3.373301e-002 -3.405009e-002 -3.710548e-002 
-3.699249e-002 -3.480401e-002 -3.966544e-002 
-3.712341e-002 -3.561342e-002 -3.989536e-002 
-3.582619e-002 -3.475217e-002 -3.933903e-002 
-3.592297e-002 -3.463298e-002 -3.973764e-002 
-3.587035e-002 -3.501576e-002 -3.942840e-002 
-3.440754e-002 -3.500007e-002 -3.813840e-002 
-3.594671e-002 -3.357352e-002 -3.874350e-002 
-3.564890e-002 -3.434030e-002 -3.927409e-002 
-3.478777e-002 -3.365240e-002 -3.749251e-002 
-3.239757e-002 -3.313126e-002 -3.884397e-002 
-3.346347e-002 -3.381286e-002 -3.952975e-002 
-3.247951e-002 -3.246192e-002 -3.848858e-002 
-2.906930e-002 -3.100140e-002 -3.747123e-002 
-2.643133e-002 -3.346012e-002 -3.851783e-002 
-2.891614e-002 -3.219915e-002 -3.694263e-002 
6.033676e-003 -2.893182e-002 -3.601925e-002 
-1.463280e-003 -3.453685e-002 -3.900026e-002 
-1.961544e-005 -3.281125e-002 -3.890535e-002 
-4.056713e-003 -3.401552e-002 -3.914629e-002 
-1.223263e-002 -3.411463e-002 -3.906314e-002 
1.464460e-003 -3.260503e-002 -3.838362e-002 
-1.865472e-003 -3.341593e-002 -3.821479e-002 
2.434131e-003 -3.310646e-002 -3.878700e-002 
-1.555723e-002 -3.340525e-002 -3.888561e-002 
1.167201e-003 -3.359712e-002 -3.875517e-002 
1.620049e-002 -2.442128e-002 -6.891743e-003 
-1.746182e-002 -2.614364e-002 -2.482952e-002 
-2.858150e-002 -3.164130e-002 -3.880087e-002 
-4.057442e-002 -3.555792e-002 -4.019738e-002 
-4.088954e-002 -3.530930e-002 -4.058562e-002 
-3.864048e-002 -3.131806e-002 -3.862001e-002 
-1.839544e-002 -3.110363e-002 -2.702102e-002 
1.960080e-002 -3.093628e-002 1.986728e-003 
-3.601465e-002 -3.257290e-002 -3.999062e-002 
-3.776903e-002 -3.427005e-002 -3.917454e-002 
-3.711534e-002 -3.250730e-002 -3.933832e-002 
-3.801066e-002 -3.306856e-002 -4.016314e-002 
-3.663034e-002 -3.543384e-002 -3.977182e-002 
-3.903156e-002 -3.601858e-002 -4.049330e-002 
-3.876888e-002 -3.600298e-002 -4.036130e-002 
-3.915091e-002 -3.318968e-002 -4.052683e-002 
-3.774349e-002 -3.498020e-002 -3.973604e-002 
-3.781009e-002 -3.483069e-002 -3.973800e-002 
-3.623699e-002 -3.549351e-002 -4.029139e-002 
-3.529515e-002 -3.542103e-002 -3.984150e-002 
-3.383599e-002 -3.525867e-002 -3.893703e-002 
-3.265049e-002 -3.455817e-002 -3.860807e-002 
-3.258695e-002 -3.018416e-002 -3.725479e-002 
6.889134e-002 -2.320875e-002 1.887453e-002 
4.725600e-002 -3.158882e-002 -1.187857e-002 
-3.127866e-002 -3.262444e-002 -3.969588e-002 
-3.514163e-002 -3.142557e-002 -3.835604e-002 
-3.570321e-002 -3.272099e-002 -3.777457e-002 
-3.981285e-002 -3.236706e-002 -3.971866e-002 
-3.925240e-002 -3.566749e-002 -4.021029e-002 
-3.952847e-002 -3.455978e-002 -3.903691e-002 
-3.914250e-002 -3.575432e-002 -3.956551e-002 
-3.977404e-002 -3.543462e-002 -3.999302e-002 
-3.999008e-002 -3.624153e-002 -4.005904e-002 
-3.781854e-002 -3.217368e-002 -3.866995e-002 
-3.932950e-002 -3.424139e-002 -3.930141e-002 
-4.031874e-002 -3.527518e-002 -3.974728e-002 
-3.863189e-002 -3.498997e-002 -3.919090e-002 
-3.983972e-002 -3.511545e-002 -3.991129e-002 
-3.861937e-002 -3.108250e-002 -3.818803e-002 
-4.022281e-002 -3.583664e-002 -4.024932e-002 
-3.906470e-002 -3.299117e-002 -3.958562e-002 
-3.910756e-002 -3.515496e-002 -3.948758e-002 
-3.907065e-002 -3.543685e-002 -3.945373e-002 
-3.944022e-002 -3.485377e-002 -3.988861e-002 
-3.914237e-002 -3.455072e-002 -3.930762e-002 
-3.828132e-002 -3.240147e-002 -3.880354e-002 
-3.852482e-002 -3.120677e-002 -3.838886e-002 
-3.681160e-002 -3.054518e-002 -3.736615e-002 
-3.407104e-002 -3.039177e-002 -3.803480e-002 
-3.992652e-002 -3.547998e-002 -4.034329e-002 
-3.948329e-002 -3.574147e-002 -4.001597e-002 
-3.955124e-002 -3.450492e-002 -3.972921e-002 
-3.940706e-002 -3.464220e-002 -3.999989e-002 
-3.847603e-002 -3.386683e-002 -3.877634e-002 
-3.892007e-002 -3.506902e-002 -3.957374e-002 
-3.822154e-002 -3.376041e-002 -3.893967e-002 
-3.749374e-002 -2.965482e-002 -3.757669e-002 
-3.932889e-002 -3.286047e-002 -3.980896e-002 
-3.616064e-002 -3.317132e-002 -3.765283e-002 
-3.507932e-002 -3.090046e-002 -3.483818e-002 
-3.881636e-002 -3.254734e-002 -3.855598e-002 
-3.689237e-002 -2.933204e-002 -3.607285e-002 
-3.907795e-002 -3.441103e-002 -3.903901e-002 
-3.869046e-002 -3.443584e-002 -3.870955e-002 
1.166748e-001 -2.116979e-002 5.415548e-002 
-3.712767e-002 -3.411265e-002 -3.065233e-002 
-3.848169e-002 -3.311590e-002 -3.750744e-002 
-3.892722e-002 -3.490611e-002 -3.876946e-002 
-4.041392e-002 -3.508723e-002 -4.054353e-002 
2.760054e-004 -3.584172e-002 -1.696114e-002 
-4.152182e-002 -3.520647e-002 -4.036270e-002 
-4.233241e-002 -3.486735e-002 -4.082415e-002 
-4.202632e-002 -3.502427e-002 -4.046987e-002 
-3.666109e-002 -3.595338e-002 -4.098029e-002 
-2.560622e-002 -3.521332e-002 -4.016673e-002 
-4.234956e-002 -3.555087e-002 -4.055093e-002 
-4.224210e-002 -3.621313e-002 -4.056830e-002 
-4.245294e-002 -3.458305e-002 -4.094344e-002 
-4.226953e-002 -3.475827e-002 -4.083087e-002 
-2.339068e-002 -1.552467e-002 -3.912730e-002 
-4.138882e-002 -3.568878e-002 -4.080654e-002 
-4.228185e-002 -3.624022e-002 -4.060618e-002 
-4.264470e-002 -3.624254e-002 -4.057054e-002 
-4.262292e-002 -3.664696e-002 -4.079931e-002 
-4.221313e-002 -3.548893e-002 -4.099351e-002 
-4.259994e-002 -3.631264e-002 -4.109261e-002 
-4.246988e-002 -3.620249e-002 -4.036179e-002 
-4.099518e-002 -3.600091e-002 -3.966008e-002 
-4.251366e-002 -3.646553e-002 -4.104582e-002 
-4.197217e-002 -3.606347e-002 -4.093673e-002 
-4.221545e-002 -3.454733e-002 -4.099209e-002 
-4.261526e-002 -3.623942e-002 -4.094134e-002 
-4.262088e-002 -3.634364e-002 -4.107367e-002 
-4.195192e-002 -3.633796e-002 -4.078541e-002 
4.481830e-002 -2.925666e-002 2.338360e-002 
1.198659e-001 -2.799921e-002 1.746581e-002 
-1.386716e-002 -3.614188e-002 -3.825282e-002 
7.138379e-002 -3.195999e-002 -3.398392e-002 
5.552986e-002 -2.847198e-002 -3.325681e-002 
-3.958928e-002 -3.602384e-002 -3.900024e-002 
-3.883358e-002 -3.667590e-002 -4.108625e-002 
-3.915029e-002 -3.639015e-002 -4.115431e-002 
-3.849061e-002 -3.379983e-002 -3.942245e-002 
-3.987053e-002 -3.586250e-002 -4.078259e-002 
-3.962090e-002 -3.441442e-002 -4.031063e-002 
-3.939646e-002 -3.591603e-002 -3.969419e-002 
-3.911953e-002 -3.240726e-002 -3.930758e-002 
-4.024031e-002 -3.541207e-002 -4.043278e-002 
-3.996568e-002 -3.580111e-002 -4.019837e-002 
-3.964143e-002 -3.502824e-002 -4.013443e-002 
-4.052519e-002 -3.590169e-002 -4.077104e-002 
-3.901562e-002 -3.588476e-002 -3.988811e-002 
-3.918804e-002 -3.607984e-002 -4.048214e-002 
-3.830034e-002 -3.607547e-002 -3.966795e-002 
-3.834020e-002 -3.580703e-002 -3.969998e-002 
-6.591082e-003 -3.158017e-002 -3.626690e-002 
-3.843273e-002 -3.458886e-002 -3.996826e-002 
-3.752790e-002 -3.509004e-002 -3.920545e-002 
-4.004596e-002 -3.584530e-002 -4.004465e-002 
-3.782373e-002 -3.316572e-002 -3.835671e-002 
-1.719397e-002 -3.377059e-002 -3.700112e-002 
-4.160879e-002 -3.581100e-002 -4.096676e-002 
-4.059972e-002 -3.595812e-002 -4.037122e-002 
-4.014609e-002 -3.606768e-002 -4.024127e-002 
-3.944229e-002 -3.428297e-002 -4.039645e-002 
-4.031636e-002 -3.605888e-002 -4.018614e-002 
-3.852241e-002 -3.494392e-002 -3.959282e-002 
-3.152263e-002 -2.471182e-002 -3.931844e-002 
-3.914998e-002 -3.288459e-002 -3.949653e-002 
-3.918238e-002 -3.574335e-002 -3.932100e-002 
-3.907884e-002 -3.577831e-002 -3.944236e-002 
5.940669e-002 -2.896906e-002 1.325600e-002 
7.184919e-002 -2.982115e-002 4.476846e-002 
-4.001314e-002 -3.470091e-002 -3.897724e-002 
-3.997787e-002 -3.568254e-002 -3.941954e-002 
-3.945561e-002 -3.481711e-002 -3.979791e-002 
-3.640548e-002 -3.195314e-002 -3.788830e-002 
-4.156743e-002 -3.603152e-002 -4.049328e-002 
-4.026039e-002 -3.548504e-002 -3.954753e-002 
-3.854853e-002 -3.555282e-002 -3.917057e-002 
-3.679739e-002 -3.361243e-002 -3.781896e-002 
-4.011155e-002 -3.572051e-002 -3.983835e-002 
-3.894088e-002 -3.277053e-002 -3.904958e-002 
-3.923486e-002 -3.294075e-002 -3.905608e-002 
-4.024982e-002 -3.541793e-002 -3.983671e-002 
-4.091447e-002 -3.530143e-002 -3.965113e-002 
-3.882468e-002 -3.411329e-002 -3.915273e-002 
-3.816966e-002 -3.348765e-002 -3.823229e-002 
-3.708615e-002 -3.343502e-002 -3.794267e-002 
-4.119869e-002 -3.352330e-002 -3.765547e-002 
-4.189111e-002 -3.609235e-002 -4.025926e-002 
-4.181604e-002 -3.536706e-002 -4.014139e-002 
-3.635484e-002 -3.579485e-002 -3.962184e-002 
-4.171816e-002 -3.587695e-002 -4.029371e-002 
-4.194742e-002 -3.455030e-002 -4.032343e-002 
-3.481412e-002 -3.418920e-002 -3.999738e-002 
-1.896276e-002 -3.617252e-002 -4.002205e-002 
-4.175949e-002 -3.615296e-002 -4.055857e-002 
-4.178379e-002 -3.434397e-002 -4.031300e-002 
-2.014284e-002 -3.449412e-002 -3.988897e-002 
-4.096935e-002 -3.516225e-002 -4.106841e-002 
-6.019528e-003 -3.562080e-002 -3.643188e-002 
-4.164402e-002 -3.424290e-002 -4.062260e-002 
-4.246391e-002 -3.508305e-002 -4.142242e-002 
-4.190007e-002 -3.339182e-002 -4.080070e-002 
-4.216207e-002 -3.281332e-002 -4.049132e-002 
-4.209266e-002 -3.230461e-002 -4.079270e-002 
-4.206688e-002 -3.321412e-002 -4.070178e-002 
3.256104e-002 -3.567287e-002 -1.781648e-003 
-4.235652e-002 -3.624897e-002 -4.088909e-002 
-4.236129e-002 -3.618201e-002 -4.070415e-002 
1.710160e-002 -3.533633e-002 -3.808929e-002 
-4.174223e-002 -3.626272e-002 -4.081830e-002 
-4.273444e-002 -3.669198e-002 -4.089541e-002 
-4.209283e-002 -3.622413e-002 -4.111621e-002 
2.364998e-002 -3.416526e-002 -1.109167e-002 
-2.411943e-002 -3.658055e-002 -3.325492e-002 
-3.659506e-002 -3.612494e-002 -4.059619e-002 
-4.127793e-002 -3.477879e-002 -4.067644e-002 
-3.764040e-002 -3.619649e-002 -4.049262e-002 
-1.443475e-003 -3.581889e-002 -3.160706e-002 
-3.966249e-002 -3.667552e-002 -4.114314e-002 
-4.151351e-002 -3.619285e-002 -4.102680e-002 
-4.187294e-002 -3.636965e-002 -4.109047e-002 
-1.039924e-002 -3.457548e-002 -1.564366e-002 
-3.832219e-002 -3.641514e-002 -4.091217e-002 
-2.640814e-002 -3.613429e-002 -4.003689e-002 
-2.936789e-002 -3.629663e-002 -4.066030e-002 
-3.076815e-002 -3.617445e-002 -4.044256e-002 
-3.414175e-002 -3.593497e-002 -4.067347e-002 
-3.804913e-002 -3.605179e-002 -4.107761e-002 
3.393291e-002 -3.513509e-002 -2.192067e-002 
4.639073e-003 -3.557191e-002 -1.637466e-002 
-3.842739e-002 -3.623934e-002 -4.110537e-002 
-3.837160e-002 -2.715647e-002 -4.015744e-002 
-3.780220e-002 -3.588279e-002 -4.016801e-002 
-3.780000e-002 -3.659235e-002 -4.017206e-002 
1.905781e-002 -3.368071e-002 -4.096751e-003 
1.067047e-001 -1.840375e-002 3.121065e-002 
-3.974197e-002 -3.627343e-002 -4.084972e-002 
-3.899106e-002 -3.632213e-002 -4.073258e-002 
-3.864572e-002 -3.250121e-002 -3.989958e-002 
-3.848646e-002 -3.388296e-002 -3.927311e-002 
-3.706117e-002 -3.084330e-002 -3.974812e-002 
-3.758039e-002 -3.513372e-002 -3.935349e-002 
-3.748155e-002 -3.106405e-002 -3.742957e-002 
-3.851008e-002 -3.489036e-002 -3.998400e-002 
-3.854100e-002 -3.569364e-002 -4.022797e-002 
-3.789239e-002 -3.252178e-002 -3.962316e-002 
-3.815377e-002 -3.471805e-002 -3.983229e-002 
-3.630707e-002 -3.184794e-002 -3.777410e-002 
-3.756666e-002 -3.243549e-002 -3.875093e-002 
-3.769129e-002 -3.466324e-002 -3.982980e-002 
-3.670874e-002 -3.304779e-002 -3.898800e-002 
-3.594460e-002 -3.012738e-002 -3.863164e-002 
-3.762401e-002 -3.560803e-002 -4.009570e-002 
-3.654921e-002 -3.485464e-002 -3.917904e-002 
-3.675257e-002 -3.523905e-002 -3.933147e-002 
-5.419249e-003 -3.200082e-002 -3.783496e-002 
-3.684337e-002 -3.594507e-002 -4.071574e-002 
-3.632691e-002 -3.516317e-002 -4.012753e-002 
-3.523213e-002 -3.466994e-002 -3.980947e-002 
-3.475515e-002 -3.193026e-002 -3.916546e-002 
-3.602561e-002 -3.361465e-002 -3.918493e-002 
-3.601970e-002 -3.512630e-002 -3.873409e-002 
-1.849863e-002 -3.026480e-002 -3.720189e-002 
-2.589047e-002 -3.225611e-002 -3.995758e-002 
-3.604605e-002 -3.560518e-002 -4.012414e-002 
-3.557620e-002 -3.461815e-002 -3.879305e-002 
-3.557152e-002 -3.444058e-002 -3.919364e-002 
-3.503747e-002 -3.182283e-002 -3.824309e-002 
-3.558805e-002 -3.452049e-002 -3.975230e-002 
-3.581929e-002 -3.505491e-002 -3.934076e-002 
-3.375917e-002 -2.875837e-002 -3.693172e-002 
-3.538829e-002 -3.519610e-002 -3.858791e-002 
-3.512794e-002 -3.498381e-002 -3.910512e-002 
-3.467770e-002 -3.336035e-002 -3.867558e-002 
-3.494386e-002 -3.288080e-002 -3.881735e-002 
-3.513972e-002 -3.471175e-002 -3.962719e-002 
-3.546420e-002 -3.476252e-002 -4.011419e-002 
-3.479759e-002 -3.490259e-002 -3.921236e-002 
-3.412919e-002 -3.136759e-002 -3.832823e-002 
-3.515168e-002 -3.554946e-002 -3.987051e-002 
-1.137967e-002 -3.105617e-002 -3.808244e-002 
-3.464828e-002 -3.502148e-002 -3.881868e-002 
-2.002177e-002 -3.233236e-002 -3.693447e-002 
-3.480094e-002 -3.541389e-002 -4.024079e-002 
-3.406152e-002 -3.465617e-002 -3.913468e-002 
-3.368021e-002 -3.410155e-002 -3.808576e-002 
-3.381420e-002 -3.493846e-002 -3.959789e-002 
-3.336700e-002 -3.372234e-002 -3.833692e-002 
5.979039e-002 -2.855152e-002 -1.762410e-002 
1.459137e-001 2.953114e-003 6.107172e-002 
1.658131e-001 -1.686951e-002 1.224296e-002 
1.278449e-001 1.533559e-002 7.487734e-002 
1.468076e-001 2.941225e-002 1.647216e-001 
6.659388e-002 1.479827e-001 1.396946e-001 
1.325203e-001 1.430262e-001 1.326280e-001 
1.348959e-001 1.416164e-001 1.323059e-001 
1.352047e-001 1.370012e-001 1.406288e-001 
1.280454e-001 1.266101e-001 1.337380e-001 
1.253156e-001 2.313001e-002 1.305881e-001 
9.002307e-002 -2.720591e-002 9.592835e-002 
5.612739e-002 -2.995132e-002 4.972657e-002 
3.297810e-002 -3.148763e-002 6.587754e-002 
6.323251e-002 -3.037212e-002 5.443523e-002 
-4.572892e-003 -3.138632e-002 1.257959e-003 
2.771751e-002 -3.112623e-002 3.169621e-002 
4.116545e-002 -3.129687e-002 1.012117e-001 
4.949231e-002 -3.106439e-002 5.995923e-002 
4.686830e-002 -3.149491e-002 5.695576e-002 
3.436082e-002 -3.148635e-002 3.159239e-002 
5.495689e-002 -3.116883e-002 5.513227e-002 
4.528555e-002 -3.146769e-002 7.485788e-002 
-1.935620e-002 -3.201398e-002 8.906547e-003 
-2.516425e-002 -3.155344e-002 -2.444264e-002 
-2.217039e-002 -3.204252e-002 1.374015e-003 
5.019330e-003 -3.182520e-002 6.601567e-002 
-2.569748e-002 -3.193421e-002 -2.536244e-002 
-2.060771e-002 -3.178469e-002 -1.861907e-002 
2.985209e-002 -2.381987e-002 7.388534e-002 
-2.466439e-002 -3.219460e-002 -2.285854e-002 
-2.455272e-002 -3.195861e-002 -2.582038e-002 
-2.437968e-002 -3.168104e-002 -2.505776e-002 
-2.449784e-002 -3.214114e-002 -2.510722e-002 
-2.495631e-002 -3.200316e-002 -2.616122e-002 
-2.522991e-002 -3.238003e-002 -2.638907e-002 
-2.500257e-002 -3.194896e-002 -2.605311e-002 
-2.491034e-002 -3.202212e-002 -2.626333e-002 
-2.512762e-002 -3.209428e-002 -2.665627e-002 
-2.476320e-002 -3.185399e-002 -2.574976e-002 
-2.427105e-002 -3.131471e-002 -2.509147e-002 
-2.478776e-002 -3.220272e-002 -2.577915e-002 
-2.394930e-002 -3.216486e-002 -2.534957e-002 
-2.481469e-002 -3.209791e-002 -2.572545e-002 
-2.461963e-002 -3.170439e-002 -2.566190e-002 
-2.433151e-002 -3.232700e-002 -2.541296e-002 
-2.450851e-002 -3.201070e-002 -2.562577e-002 
2.863731e-002 -3.209061e-002 4.402768e-002 
4.852013e-002 -3.212788e-002 9.299354e-002 
-1.041390e-002 -3.216541e-002 -6.614787e-003 
8.878609e-003 -2.467095e-002 3.913739e-002 
-2.384539e-002 -3.234046e-002 -2.529709e-002 
-2.417106e-002 -3.222167e-002 -2.535072e-002 
-2.444671e-002 -3.209175e-002 -2.578054e-002 
